eccentricity
0.03085483294007897
0.039812298444301696
0.044716484390971194
0.04617349733536944
0.04642666752323293
0.04689312338133771
0.0471716441795073
0.04796344700772493
0.1302720996283676
0.05143968369927159
0.054312420784626524
0.05435573756188339
0.05595063493958563
0.0561413320266419
0.1289347168034729
0.057331899152126414
0.05744236905621019
0.0575334893458116
0.12852748999230434
0.05814580695337889
0.05853149715911497
0.05900119182898927
0.12770718937087247
0.0614200087450378
0.0625193045559268
0.06252628247712322
0.06343952937481465
0.0635546784026691
0.06374591242679398
0.06382264686374355
0.12700625917833885
0.1269252415975196
0.06437797783220012
0.12687347101163185
0.06478309024125037
0.06481899961288143
0.0649166399353873
0.06494745280630439
0.06520715794066292
0.06538823661575165
0.06557515325498658
0.06594887405515101
0.06638579784652585
0.0666805731918416
0.12605811296007843
0.06769860362524172
0.06781388569824129
0.0686309864629874
0.06900071089699936
0.06960910732213715
0.0696748375231259
0.07008530087766905
0.12532377083065213
0.07043077461462907
0.07052441321551181
0.12528656446864536
0.07073010037994204
0.07082654182873521
0.07087378080965862
0.07098450558697919
0.07101215987856441
0.1251083391553177
0.07148608139148316
0.07155768116545799
0.12500108989603415
0.07193908216364726
0.07197314837145695
0.07219547587611838
0.07225050555220411
0.12476909429872776
0.07245073801065562
0.07274445554638624
0.12464075286183876
0.07279785312730597
0.07281977057591532
0.07299083678179534
0.07302062384714157
0.07307488912701349
0.0730857095412289
0.07321983577415243
0.07355739897100337
0.124381099626105
0.07396728767328467
0.07400044906843223
0.07438795430682336
0.07451592141295507
0.07497254647610672
0.12395612118276556
0.07508280507638174
0.07513341409515706
0.07521115421287443
0.07523493457738885
0.07544396304961003
0.07549362229188042
0.07550427283650564
0.07569771523042074
0.07570327805299928
0.07583096092272436
0.07598038974005661
0.07627121311772668
0.0763920687340492
0.0763952482900393
0.07645836767713929
0.1234685673375631
0.07664523891032264
0.12338354828070543
0.12338108202720703
0.07682382317741597
0.07684637160097588
0.07698029871550184
0.07704981277623682
0.12319276194584954
0.12317741575452278
0.07742859692279294
0.07761062392476646
0.07781943161027964
0.07797645298847099
0.07813550717191374
0.07815155147168301
0.07824929551130738
0.07824787233126707
0.07835756909099413
0.07840383539229281
0.07863032278661547
0.07872521151045493
0.07902384070157091
0.07922931393936758
0.07930685920988871
0.07931652068024227
0.1225110142288086
0.07936702299954462
0.07936720736143289
0.07939416489088492
0.07943202411205469
0.07961359800473776
0.07969885208578777
0.07976189868506821
0.07991636405127846
0.07993797964754304
0.12230300035749045
0.07996869335990987
0.12227942331237111
0.08008731840233052
0.08020734434219978
0.08021329023852847
0.08021762211134548
0.12215393052737585
0.12214228986082687
0.08041083901069028
0.0804948044307497
0.08076498545514324
0.08087656398868248
0.0809961323090869
0.0810261044150163
0.08103400177532344
0.08111670081948927
0.08113667847970639
0.0811778772548406
0.0811968801083683
0.08122716601251892
0.08127310785108655
0.12175110466461565
0.08151822643030375
0.08170508562285084
0.12167451780898084
0.08173013608503729
0.08176233044642871
0.08180130412187948
0.0818702820818773
0.1215896105818376
0.0819568987597365
0.0819607916036134
0.12156331079451935
0.12155888065437612
0.08220286716443162
0.08223522265701272
0.08225575748564361
0.08227684490856232
0.08240668232193162
0.12139731989168087
0.12137908498790337
0.08275037519567618
0.12125610216457569
0.0828591604990347
0.0830174558803781
0.12117304510743566
0.12117249274666306
0.08304963222781565
0.08311713832682083
0.08313229781001523
0.08313042721371415
0.08313639373332998
0.08313956024153184
0.08324219774154493
0.12107821598355287
0.08330682775608445
0.08335732225405408
0.08343240940939166
0.12100541038954425
0.08357025984842244
0.08357602431311921
0.08364598685878798
0.12091857588884185
0.08377116209471241
0.08386318514155859
0.08394557417810371
0.12082086035442488
0.08400914560694599
0.08403509335961112
0.12073376232734274
0.12073519334078274
0.08420263463232214
0.08425018487887478
0.08426987236090648
0.08444691253237466
0.08451101403681148
0.08453157330397351
0.08459464913373778
0.08460958126837928
0.12056467032743
0.08492629492042898
0.12045593997449927
0.12044201688381583
0.12039365583835394
0.08519055709359315
0.08528229622721328
0.08540156426937615
0.08539544459008898
0.08547668493907568
0.08557512618163869
0.08560631700127212
0.08563075603971712
0.0857245615801575
0.1201388966566168
0.08579216475820045
0.12011996798070225
0.08587937584011274
0.08588879880413147
0.08595438706248215
0.08594573090763223
0.12006263668124194
0.12003012272672046
0.08609561558071425
0.08607460732427115
0.08624974705081905
0.08628947084654413
0.08637458620525794
0.08640056777758315
0.08641816521579207
0.08657655998877395
0.08660927544681535
0.08665891533661561
0.08669856828399843
0.11975772330928568
0.08686204497049764
0.08688022927840405
0.08693390273815975
0.11969756692633414
0.11966679494990343
0.08714290634054846
0.087186541646711
0.08721162939193419
0.08721270660400056
0.08726066671988082
0.11959166104048961
0.0873063460949154
0.08739860007583493
0.08748500743601983
0.08751180061307567
0.08767580439955548
0.08774428093821517
0.08776548964441253
0.08776335103599758
0.08781403614991698
0.11940383753363604
0.08782956551112259
0.08788520869514266
0.08788653271022583
0.08833069952041915
0.11923588002913799
0.08834188422218889
0.0883549915030565
0.0884000852050555
0.08838456013282217
0.08852260407123907
0.08854814617679513
0.08857917728315537
0.11913284627961634
0.08864501424958608
0.08867853626204845
0.08872735744486215
0.08879917632383225
0.08877924985379788
0.11908346296152875
0.08880748858667593
0.08893397634788343
0.11903586989157652
0.08894911132280005
0.08895590866010489
0.11902105991887123
0.08901247619811997
0.08903372480134335
0.08904252413241023
0.08909997825624931
0.11896822201741931
0.08914814741142181
0.08916839067685851
0.08917782774055993
0.08932107470124107
0.08931584241095751
0.08933856919732776
0.08935125874169562
0.11886336341877601
0.08949838989824127
0.08953955014042869
0.08964317547006628
0.11880798887270322
0.08965342531454683
0.08969630174525191
0.0897415714439058
0.08972198285875323
0.0897601565166909
0.11876264667208343
0.1187371416423324
0.08988956299901416
0.11872777040800957
0.08994035150163185
0.089961106620987
0.08999515734285157
0.0900084433621033
0.09003934224484303
0.09003526925377665
0.09009128414087028
0.0901578451569514
0.1186425132801903
0.1186424754897669
0.11863273471557462
0.09021600783238341
0.09036643422459247
0.11859507364249393
0.0903778740624668
0.0904050396157709
0.0904360582027002
0.09056205954643548
0.09062230303544379
0.09074693569826847
0.09076210807105498
0.09075619181809494
0.09075417870171137
0.09078315335360924
0.09081874783407112
0.09080832827509597
0.09091801505299825
0.0910763532207845
0.0910908460550168
0.09111989605769638
0.09113488779058918
0.09115089675664306
0.09121208199560872
0.11833815165982245
0.09126407645795785
0.09128030203688793
0.09132656055333921
0.09133441144946308
0.09136945237088309
0.09139425106707741
0.09142749242151281
0.11830099678756878
0.09151686609497921
0.09152525868116772
0.09160534592493517
0.09161507080616192
0.09163810311361795
0.09167345642804149
0.09175703223143222
0.09180092843320209
0.1181714877641631
0.09193321545376389
0.11814159246964571
0.09199521685494104
0.09213283133921465
0.09213829110543223
0.09222727028299872
0.09222403413328803
0.09244024066271955
0.09245231933080052
0.09258736099627665
0.1180174347503917
0.09262338662403138
0.09265417496794999
0.09260128776925887
0.09265671736113096
0.09270250794912707
0.09269252566543164
0.09267723602878039
0.09277865035633026
0.09278339816873929
0.09275971588357415
0.09281126946313403
0.09277073548063487
0.09283893740790093
0.09290567419397824
0.09290920989976494
0.11792409761475718
0.09319309958240261
0.09314926806627032
0.09323972586468456
0.09324675150469179
0.09334622501886719
0.11784928111475187
0.0933291722349178
0.0934635955114277
0.11782399975307666
0.09342188812900613
0.09349616031177913
0.09355994895541261
0.09357815518504603
0.09356270017089478
0.11779514108323312
0.09364821408286247
0.09369330101613495
0.09383925766657195
0.09388074116485685
0.09387348087780067
0.09389676595345899
0.09394199857838897
0.09403556740876275
0.09411286735865168
0.09420539590489382
0.09434038477715773
0.09435493077865939
0.09446472361838439
0.09450128923682577
0.0944732735401434
0.09452009517025653
0.09452748691210562
0.09455780734554173
0.11759964743368632
0.09468916753059584
0.09476402129313856
0.0947000926210354
0.09472538378222135
0.0947365460236895
0.09481277545320112
0.09482994312204608
0.09488465572939107
0.09483071503764634
0.09496601474749727
0.09504002186076489
0.0949971101742606
0.0950874240620017
0.09513017634445828
0.11751409713558791
0.09511638238996734
0.09515610727395604
0.09517641805932202
0.09517661459510021
0.09518733725430602
0.09533382167830694
0.09535236330842217
0.09537010861532007
0.1174739849039414
0.09549724675782438
0.09548596250813775
0.09550207964123875
0.09555656305001752
0.09557738211555535
0.09553752453458138
0.09564642168223401
0.09576339436677081
0.09580505416591932
0.0958554652844178
0.09581742643123288
0.0958161310825719
0.09579902389881603
0.09590298171654789
0.09596788270965703
0.09595228422588306
0.09609539127542378
0.0961277717243755
0.11733142284759468
0.09631061086775684
0.09635486061263661
0.09639756112256521
0.09639895512465643
0.09642085684108631
0.09644940098707025
0.11728907909971788
0.11728581502098964
0.09648329263401091
0.09663347963918133
0.09658325397027928
0.09660421320368615
0.09670541692106575
0.09670274794188637
0.09679729431797209
0.117218609399352
0.09694931267754346
0.09701140781947347
0.09701449429550557
0.09705769935182339
0.09717717381045546
0.09727662917449856
0.0972631947733059
0.09726132343972815
0.09735463244044723
0.11715149887899629
0.09739846976590688
0.09740115654832389
0.097431165407324
0.09741234760717628
0.09746625402536002
0.0974047242193985
0.09740865020215964
0.0974598264005294
0.09745863916792175
0.09754827952592633
0.09759079924598844
0.09758290681450309
0.09766367861443966
0.09762311756147116
0.09769643394078514
0.11708596348216287
0.09783105707692208
0.09782049062883592
0.09783650214907358
0.11707073771702108
0.09790876149490566
0.09794728300369628
0.09798307025491886
0.09799268857807267
0.09804263609025793
0.09805486980040982
0.09811686141233131
0.09815070094572641
0.09819874609236179
0.09817727130064607
0.09826332810536098
0.09824910770126734
0.09823618634751424
0.09826908527790161
0.0982253065829123
0.09827984825094949
0.11700940496069497
0.09829456288956985
0.0983654947833891
0.09835921279143658
0.09839713041838696
0.09839592864831848
0.09839105687018336
0.09840774531598764
0.09847473283804042
0.0984688596069939
0.09848525900435284
0.09850307325633838
0.09853411897802915
0.0985195965949244
0.09854998340824106
0.11697024171597081
0.09867407884048922
0.09869741465998344
0.09874716438999365
0.09876342312251986
0.09887677853689615
0.09894373053303682
0.098888551505928
0.09896419844412568
0.09903274892498981
0.09898923605967382
0.09905990247993496
0.09912406030735457
0.09907799667661309
0.09919590953056812
0.09911800559795482
0.09919191233129754
0.09907665557467629
0.09913344669579642
0.09918768587554905
0.09935568395960137
0.09940709333860519
0.11681379003019117
0.09948965462902218
0.09964585113050183
0.09972369801163739
0.09975173946081997
0.09979651589828352
0.09989696194454163
0.09983032416637887
0.09982992441551092
0.09977547926273114
0.09995959902923984
0.10003202829069474
0.1000668892211128
0.11670343105846533
0.10006254126377898
0.10010414453379467
0.10011514283350864
0.10016257490842767
0.10017263836699491
0.10018064305922093
0.10022771046933278
0.10020718163919833
0.10020735187436795
0.1002861250220398
0.11665855606163363
0.1003085545667557
0.10036371194931609
0.1003964140654445
0.1166493580957411
0.10044983836726111
0.10052194062010719
0.10048084195414048
0.10048757171005987
0.10055786707453104
0.10055086382110488
0.10059915862132124
0.10067679088972048
0.10081629797275107
0.10085224022326301
0.10082959250988356
0.10085392694718408
0.10096819226564976
0.10104277172841526
0.10097686240230337
0.10099500400911371
0.10103567021883883
0.10113349035796157
0.10109911595770721
0.11650549481858458
0.10119743598421208
0.10120041018249477
0.10124441973266256
0.10127375724628575
0.10138249657957056
0.10137012438359287
0.11646843779111542
0.10139344985133251
0.10139962159838764
0.10146428061349745
0.10156775126086105
0.10164165236181504
0.1016226313473884
0.10164676310972935
0.11641083624602211
0.10174574459880224
0.1017975034404255
0.11636782914882639
0.10179138046874084
0.11635617659596696
0.1019085605993556
0.10190905991498768
0.10195225086491057
0.10199673574471416
0.10200819819805652
0.10200658159187434
0.1020942187176275
0.10213660016440738
0.10212032444791241
0.11627524775952662
0.10224655167032745
0.10227698645840569
0.10230667370523758
0.10239174610924598
0.10241627310571745
0.11624610126618092
0.10243034369223204
0.11623486167474976
0.10249403609007933
0.10253532617959409
0.10262582503583524
0.10266430983887999
0.10270359129905893
0.10273513008864844
0.10273582993470991
0.1027960750148285
0.10293754663683129
0.10293960014804504
0.10294469036816581
0.1160980163779146
0.10309591905551617
0.10309230629881892
0.10306634983899368
0.103220941449481
0.10326747737325546
0.1032901937829451
0.10331321347328826
0.10333701259725359
0.1034233797619171
0.10346060183542585
0.10348899712220405
0.10350513503557825
0.10355179187476792
0.1036229733167371
0.11593022272271525
0.11591800350489877
0.11591024413141315
0.10380672358658069
0.10387352984252463
0.10393216984522377
0.10390610628113887
0.1158379918950364
0.10392148487702145
0.10398160206315211
0.10412181317037625
0.10412773034531497
0.10415988724955684
0.10418958478195565
0.10432637932457636
0.10429445382531498
0.10442132642416714
0.10439153462035787
0.10439556285044929
0.10443905902365026
0.10447853173726589
0.10450132116413836
0.11566759131138764
0.11567241472634095
0.104504631870604
0.1045171821629804
0.11562886440708377
0.10460963252474553
0.10460452940088777
0.11561576086337721
0.10463629129662576
0.10467544564396213
0.1046838894111198
0.10475377899742999
0.11556014539885333
0.10472011584800259
0.10478452218054475
0.10479189003359533
0.11553499404285741
0.1155348837517417
0.10484924434513138
0.10485312507875415
0.10489491012891362
0.10489679311085714
0.11551402037938885
0.1155161598115178
0.11549913709955459
0.10503154350853625
0.10503571031613645
0.10502197545753812
0.10504338117791205
0.10509818831569119
0.11539033250357973
0.1052549784735537
0.10526944891283851
0.10532621319655666
0.10537270703380021
0.10542335097249465
0.10539095152397567
0.10539884349826652
0.11527356043283707
0.10552271626315596
0.10552144673127348
0.11522932368346381
0.11519903601239367
0.10563337389542315
0.10572785106246815
0.11515812144463601
0.10578198334459833
0.10581765134273992
0.10580016725694211
0.11515229582549524
0.10588045779947416
0.10587379872578671
0.10587046107692048
0.11511386720588732
0.11507160678952948
0.10598991946258099
0.115068220241177
0.10602414468503968
0.10608698080979782
0.10601616300187917
0.10607411054948716
0.10613209796914214
