A f0
6.590672256699286 100.20825533189279
4.568913653688451 99.92340300655091
6.81142496481492 100.05697081115865
9.778298239479073 100.28245286720782
19.446715419621647 99.6532314316142
15.685558746464807 99.69734650305193
14.992316130320438 99.66047577947872
14.606253354894868 99.70987358826707
17.4843675741139 100.3261127112274
7.690274079671606 100.12950548567477
9.310490141162909 99.80908358069301
11.138106230793783 99.7650247403027
6.6972359591451935 99.94689834725912
9.763936715581591 99.72094703844914
14.898683543620383 100.33710443106894
8.331336725382478 100.24981674373062
9.260156930770929 100.26793502297504
13.824345085233693 100.3269277178964
7.848071899416625 99.76383552452609
12.847333239012997 99.73203554766063
18.021430843263296 100.34335140079425
14.429561690143363 99.70864956830363
7.448389428008397 100.12217404179147
14.632710652589715 99.7055182946922
7.000642553423969 100.09319057341474
11.763131698360118 100.2503225320607
15.843456593003651 99.6605223037121
13.952423228226575 100.32595239817365
7.1485795529693865 100.10542806194715
6.732462230331573 100.07165610510366
7.355074311068908 100.11898146743187
12.219086696048398 100.25920566809023
12.543020869758951 99.68775383242004
16.033412099694637 100.33904662192347
7.753621218509901 99.76925688407168
14.688421366516764 100.33092087193906
14.114761350851493 99.67323730787864
17.5321728624897 99.6611629187551
16.061970140922924 99.66080943192898
16.272172023936022 99.68200288738662
6.918147096922918 100.20454797482019
7.727267445559688 99.77062031133917
17.328833080916173 100.33709923072513
17.03758585337447 99.65925423607877
15.60146777187372 99.66411300785407
10.994632352125512 99.70771313168278
4.67188016613275 100.04659062858262
15.390699486711547 100.33405843940668
6.73709103880027 99.92454907108004
12.558771822158164 100.2662955362578
8.125809991079612 100.15805731918992
10.495244015801003 99.77281900683343
16.624220938314522 99.66111245750284
6.875366072093169 100.08904666989184
6.383815555392963 99.98030031168355
7.19546091324337 100.11220530974298
16.707336117242736 99.66145794357244
9.468293106084595 100.2670891423079
8.487555205627263 99.7531529083902
4.786015836610318 100.06476975284757
6.923592209022538 99.90629472015675
15.966063174893536 99.68379237259957
7.164784089379144 99.78930430610592
13.517470533962687 100.31937930930592
7.810674706599969 99.7702274062598
6.7044816421873925 100.0746737814119
16.23192697947707 100.33620437481845
13.10359259607431 100.27575071279364
14.871579514592597 99.69854153936943
6.453996126783953 99.81595621746214
16.84399927267077 99.66637867983043
12.872413303721311 99.72771443136536
4.651340798828045 100.03144998913038
16.56846127279148 100.3353548995069
8.511185259133011 100.24654961538127
15.463291563005452 99.66716316666758
12.80232281213884 100.27152952211426
12.666631658687072 99.73068582498931
8.353678700194195 99.8312184274727
5.952652900985994 100.15948213031295
9.909386579645652 100.27335834816863
9.267718620989928 100.26173215561917
8.866900783633369 100.2536270134978
8.031899400908205 99.7657710237844
10.43489674193321 99.77250742460119
5.222911423178692 99.88967643987854
12.326524543515319 99.7357810032055
14.596846363035095 100.32600093760345
13.246304096283096 100.31523513780994
12.341903832427803 99.69365010832895
15.947340620883109 100.3321197545635
16.17880533151608 99.66708872866292
6.8665764727797765 100.09341731779357
13.765943466841527 100.31938502613444
14.061076928995865 100.32168624125492
8.106228894953453 99.83940013663818
11.467551004544399 99.70447313714041
15.750625386457656 100.3175220726034
16.18374606996985 100.3287287687074
12.901039748262699 99.72541552351764
16.127772847556898 100.325858605517
12.22216555616469 100.30399489083577
7.7138496917177015 100.22420524294273
10.04563534834528 99.7256190221584
4.78103163280365 99.9489097241382
15.393588752399845 99.67089499406686
7.429749970471566 100.13082347320511
13.806191203794825 100.31869280808267
15.611914820824028 99.67036985868876
10.454624958982563 99.7193715043277
12.842848100053757 100.27425728161022
15.605586533167774 100.32870101221907
9.07022574007312 99.7439277316354
12.97942049231165 100.27668588348263
5.98362893225668 99.84232225559677
9.664945568029335 100.2670048456044
15.432336366221344 99.67185701941767
12.515091068865074 100.3062316680705
13.722853757746392 99.68247855409085
6.343300061684747 99.82532166278176
15.194441649936575 99.68934407821561
10.939781259359206 99.75958440005664
15.87876368067749 99.67593391338686
14.168509090602164 100.3203429991687
15.57315560418857 100.32626510057854
12.149139321990315 99.69802280027604
6.784117218150918 99.80766689429669
6.4793467915214755 100.0596903208661
6.271514694330853 99.98432867260138
12.826282449606303 100.27499411769293
6.933684066467604 99.89756979061029
10.549532231817928 99.76740717944146
11.083655803035091 99.71145650256926
12.41353214292506 99.73183213909348
10.56764124453434 99.71885809593672
10.371858245902368 99.7712363625493
8.470344131276242 100.24173914400859
8.573044106943716 99.82003928976764
14.716468043477995 99.69571749469743
7.591480560587963 99.78124859912695
8.49941247569738 100.24231993498151
15.304608649784917 99.68617167797214
15.679256449758913 99.6770372817876
8.827994272740685 100.18841188395827
6.085950361927666 100.16117406425596
8.542224920607115 100.24309812457665
14.097472345639337 99.68080204722071
15.34243032118593 100.31576976797419
10.385823660103553 99.72212327389143
6.940340348497651 100.19718675764071
6.3379534702378155 99.96032584989348
15.231746225559776 100.32396100327595
14.877511592514562 99.67653856192199
15.253821876662688 99.67547337904422
6.241448123285532 100.0087277379405
10.057944343719841 99.72760159494993
5.463261428193397 99.8777002890359
6.646721036485626 99.81426461730197
7.17585960962157 99.79495658063026
15.491903973310107 99.6768671865108
5.192034561032233 100.09912445410792
15.332536418867441 100.32278490061216
7.821916620404199 99.77544450696504
6.618016243661779 100.07813258848006
14.901633708874737 99.6771289331111
10.350072643382067 100.22921541897082
6.802682115952935 100.09487932673474
6.2847262595400935 100.16959224574897
6.524619354313933 99.93083493358594
10.582138732051101 99.71982038879868
15.076213168253597 100.32173302797595
6.505794836625189 100.06735501385475
8.161296539651673 100.16668474069945
6.2676833723078955 99.97095395517273
15.207948201365944 99.67952058750862
15.044406715667524 100.31419162508467
15.010369175359365 100.32012010334583
10.670157548200166 99.71913859702802
6.387450992635321 99.94633609787577
6.54382556130402 99.92655275029043
13.15045044392217 99.69035590001218
7.480253547327827 99.86171112495418
7.1776718931639865 100.12209507391829
11.637175006699069 100.29335421042383
15.07891432182317 99.68158874251436
13.485015366951028 99.71201942368032
9.562551119252975 100.21138071044676
4.744650808155137 99.99987331202367
4.772922941762179 100.02431600350569
9.73106132195029 99.78414145409084
5.729885522604338 100.13739624900454
11.148278227892359 99.75259010936372
10.031244559323786 99.72984311703381
14.254754300235716 100.30109130549202
6.205834792073352 100.01415401336922
11.22869065607797 100.2877834696732
8.516832695311448 99.75984801500223
14.589178699097697 100.31725584414312
14.109911587822351 100.29920272737496
5.139768646934468 100.08835834351012
13.850773459830112 100.2949575740054
12.519496178117251 100.27301890036067
7.357929810022763 99.86684061680097
8.011988928632753 99.83722167655766
9.282517687374154 100.25608921807333
6.833191164493972 100.10095625392987
10.505225384122031 99.76546813112571
13.267719270203198 99.69060624041725
12.709444558516482 99.72375956414814
12.22029755426464 99.73213205484834
14.707362085375308 99.68294273285787
9.86027149088985 100.2197795867156
5.3408946844365905 99.8927799650815
8.559825169786603 100.24040734751891
7.940234339240959 100.16038413159701
7.422973112744391 100.13707792219304
6.647442370749529 99.81767396405186
5.70822011158608 100.1344513395205
10.76533529265301 100.28058275209426
7.043408115441676 100.1971650203745
8.898520673661043 100.24774280900495
6.22549459431031 99.96976586885219
13.826699191459513 100.31225965247509
8.430967179545455 99.76294326375381
9.360600031695148 100.25687303676955
14.153076769681167 99.6989151845391
14.650695883083255 99.6864575452707
11.676359300813283 99.70760892107184
14.283621385061675 100.3139084240525
9.50186736207631 99.74049615698583
11.368692071972179 100.28830335792391
11.93730211370101 100.26375532403458
6.214461091222345 100.02881273263388
10.649531310600363 99.76146826179018
9.993339076541409 99.73191931719155
13.984236551029376 99.68703534552805
8.16010223631122 99.76998588662043
13.593887493504687 99.70785100485121
7.708924433738684 100.1515719869422
13.660402223895858 99.70671518827018
7.725848795895764 99.78183711636638
5.991244468364692 99.84984203498168
5.161601159450614 100.08710121477178
14.414610955941892 100.30973381422363
14.33344551404255 99.69403907350714
6.173343766613094 100.01726053862043
6.1580168713543575 100.00882235529802
11.308534737359794 100.25245765975235
6.19664981886945 99.97267053593447
6.9468043531129124 100.11152414557387
14.410625196381996 99.69043609714649
13.99213470215264 100.30033264112453
4.904064782076366 100.04783626156778
13.214493105541864 99.71356692265834
14.121955987889683 100.30316355172009
6.374261381090107 100.06070787244906
6.841287424403433 99.89552278487545
8.683063236372538 99.81145164385794
13.966714975739993 100.31070192396359
5.342973833888372 99.89615059700945
4.992601126228703 100.06287043519944
6.497553458629329 99.9241642704673
9.757398362953664 100.21893764158203
14.289928489041397 99.69191323374848
6.28320874893404 99.83597533096108
11.62521406491356 99.74102553630777
5.211696065080497 99.9094226443196
8.317554709478078 99.76707036818917
8.981620346594099 100.24792680582111
13.773696834138269 99.69014835092887
12.53288547460948 99.69971942270772
6.222027487570287 100.16081073478769
13.458734323911354 100.2916956681389
13.683124492692807 99.70468724587336
14.249316999631185 99.69097742657624
4.806995483886864 99.99971877540291
4.866027904207022 99.96498191613794
6.972688374247799 99.8073805442665
12.858071915400448 100.28133794910127
11.518428369895117 100.28879451794197
6.706964965654986 100.09538835203003
9.761336014733493 99.73713948231709
8.206325744511597 99.77013381705677
12.526151306607847 100.29970938023665
13.740370129670971 100.30859202204617
11.753151161670475 100.26185862932277
12.52914278285669 99.70011181961155
13.997218346589007 99.69788440968078
5.088202030125261 99.92527430805048
8.823682197975081 99.80634251175518
6.29603550468752 100.05242233311968
7.1709630328108664 99.87312055119963
9.924587385812417 100.22379215589335
12.634235377404718 100.30019249431055
9.668052105165591 99.78258014817348
5.976042074880352 99.85319057206925
11.986533925902593 100.29362718809764
6.55549889957222 100.1752814475485
13.372022791234981 100.29124747087016
6.169443565126976 99.97200325794732
13.22942838091858 100.30479094434108
10.503923359546864 100.23725252533036
7.104203743129348 100.12345934022738
13.69796652794047 100.30706840420294
13.61190461331675 100.29606218055166
5.715083541359117 100.13036295438624
5.165670010881575 100.08280393946859
10.548332780874611 99.72504153689245
6.147035658832557 99.84428030756946
7.170087144289485 99.87259656686933
7.682041262812751 99.84725098715586
13.743308109871007 99.70152752594318
6.803553612652556 100.10425379477897
5.234650453510914 100.09021871942059
7.25423759608679 100.20127123771317
7.9338940597360255 100.22175671011479
13.332856836867428 99.70917397707599
4.876738102801781 100.03094988056273
9.098740155085046 100.20265067054271
5.888454331150816 100.14086744272761
12.373123441020498 100.29698337437112
12.658728921689507 100.2995826042265
6.651545631929972 99.90674945785422
9.658059650017877 99.78216589426063
11.449139662717021 99.74291178969509
4.926492738925801 99.95671623375526
6.5174881156918865 99.82725050945325
13.43533603829423 99.70670628746298
6.259072945803458 99.83931321001856
11.382552968614242 99.74413917445175
10.205381001633647 99.76889505477202
9.11890770695113 99.79651750089445
13.374029727905706 100.29281770089602
12.456025912096305 99.72414000989869
10.64506434038499 99.72424054395204
5.127471119040001 99.92376793581482
10.767746543823101 100.24368888136632
12.605013227276517 100.29863118246251
13.434733577968524 100.29438647075652
6.7645638868830495 99.89738145075951
4.890693015398879 99.96835629081531
6.138783025756599 100.02550978119966
11.129357791835856 99.71768970920981
11.53254714483384 100.25930678679539
7.215928014932861 99.86878114240916
6.3729088675005245 99.93283007535169
7.467311207556229 99.79280894386527
11.675948839234994 100.26219862672247
6.196936280858338 100.04118459579149
6.103607968918021 99.98777699928831
8.211582979484254 99.82496645161055
10.405057751016933 99.76382914831989
4.885142675803701 99.97361124696265
8.059699177840091 99.77592989716997
13.188144530318116 100.29055799375975
12.191716830086081 99.72813032864799
10.81521057514179 100.24527915080702
6.000066089252938 99.85421247316758
7.736608333363882 100.21495891151613
12.453341535149242 99.72331676268044
13.482061776398027 99.69675143241435
12.713994054427681 99.70105925725731
4.933002997450579 99.96016277022194
6.262300601440427 100.0537247495877
10.99533303376507 100.27976325975258
5.030734453234377 99.94045131094373
11.161398694538738 99.74755947786532
12.864442072403008 99.70006853001726
5.494213699930095 100.11114410180002
9.82100931841707 100.2615294632391
12.952594769284731 99.71382349661584
12.341188275525417 99.72500297592777
8.536767095613072 99.76443342509809
6.374263399204324 99.83531152310077
7.81433452709367 99.8396956775332
12.925556310288947 99.7141540243775
9.071933816252908 100.20328492421307
5.655586941606108 99.8767755874082
12.538701473901222 99.72123966559596
11.882060264771106 100.26683213756833
6.359337872517696 99.9321869082426
12.384930501922966 99.72393684269568
9.303932334614172 100.20992079832469
9.984962580018585 99.73585188593705
4.872711564945994 100.01159845339012
12.97241944017555 99.71287902675368
10.747586376917761 100.24446201436368
12.717771740771745 99.71766183243165
13.247610749676092 100.29359420056949
12.469895989018728 100.29571112018738
9.29693726432539 99.79018308788712
9.819825382512887 99.77665635151506
9.38906015939085 99.74669760873472
13.252629810819396 100.30009979554394
11.078486417466145 100.25144772940781
7.753951979043512 99.84173799005299
13.115384566311125 100.2908831085685
6.7251786983263715 99.82050805878617
5.261849015179471 99.91196385910399
7.825322614492467 99.8386230636739
13.164574586294371 100.29239282109623
8.376327806206538 100.23105742008237
8.274648814996906 100.1785367847087
7.165254331318348 100.13027745978172
5.140967122402268 99.92672530978346
12.607459495646824 99.70322735737514
6.081705298583113 99.98542175909868
13.353759877407757 99.70090597611924
13.127437169586653 99.7088447735376
4.909516178664479 100.02643348223684
5.258562052062987 100.08718614858034
5.608563637704864 100.11854633615027
10.587958273887274 99.7267958955304
10.817759332368382 100.27632655062892
8.390874404319057 99.7687306192174
12.309697174276074 100.27571434624059
5.176221481915965 100.07705769464299
6.1788257113596305 99.9562645691287
7.733568349983435 99.78638893279536
13.129086049798538 99.70088462100996
12.641790037792603 100.28226552363938
4.888146499589844 99.98736041500102
13.03677517739258 100.29810372454915
6.404788188786891 99.83516701620535
11.864938921435957 99.73266065605608
8.489123924820165 99.76655512942061
7.387305764343723 99.85768308209852
8.017028351692062 99.83049695136089
13.16968575566768 100.29482345689283
8.279258280382333 99.77175901829526
11.574718512759826 99.71415158565846
6.124729162798319 99.96694150735203
6.738478365382657 100.1041848016357
12.528790050836292 100.29483084003147
6.710878361075753 100.10234175397106
5.2541881906373895 100.08534003446596
6.042201373207698 99.85420141072635
10.223893039879115 99.76621209932495
6.171457744683043 99.95614774002138
8.510775354035994 100.18732007890617
7.484467819418975 100.20557922933257
12.75704855691267 99.70347594235054
7.117348974195404 100.1932709868158
13.143318604449773 99.70443328642598
7.426285375297787 100.1448004369915
7.665445154536151 99.7889607566455
6.072709759677624 100.01903714815533
11.6661213540802 99.71360189698203
12.759565571563762 99.71464019829288
6.0579930218155535 99.98868731726233
11.244768660652124 100.28110029896342
12.9131185805892 99.70331454562674
6.705822204286434 100.102638727824
11.933119511832452 100.2888160853783
11.153118938141432 100.27984780600684
12.220724532223123 99.70812914523432
12.661650139820681 100.28412194726143
12.900506438480651 100.28965689223617
5.181235739196077 100.07539343691091
7.520179957564657 100.20628342080117
5.105911261779694 100.06476643667668
9.126171041597873 99.75325546810234
8.272964088955776 100.17969927446693
12.101895846785144 99.7271679633145
11.426531785668155 100.2598930264867
7.7000318525267675 100.21167875695058
6.701671451646385 99.82316526748875
5.092657507274722 99.93751289621402
10.610953680505263 100.24308585594562
13.016840484031402 99.70695773856211
5.712338386632641 100.12402016973745
12.268109751599587 100.27653027845069
12.218506092297512 99.70850405876138
6.1507007702215475 100.04272091659115
5.399607881482996 99.90142552974764
9.448806135259309 100.2527061486723
12.8456797888406 99.71134641650791
9.150227004540135 99.75307056142253
8.475700879503886 100.18694819947451
10.492819073710585 100.27025380486404
12.914803859377445 99.70532267275155
10.863072001248588 100.248789783745
12.30738713059162 99.7081401394936
11.247631689520544 100.28044003210687
9.397264403820266 99.74842922498874
11.928640424884657 100.27047625373451
8.646794176223754 99.80727881989841
12.504742205262152 99.70700367398166
11.343749520396083 100.25889332706204
8.732668803402271 100.23764751115826
10.712276166167692 100.27316395419098
11.941879993646182 99.71175495654441
8.328097912133295 100.22805549429961
10.305341882715682 100.23684018417147
9.221872714598796 100.24794693091047
5.372850718214658 100.0950313819081
10.497985642411491 99.72987294313714
5.062535810133189 100.05508395918538
7.0014794658835715 100.18781010577307
7.47208631125446 100.20394700236533
12.790016889686788 99.70651535571247
12.70367312846551 100.292558209245
12.570032418886127 99.70700055988063
12.714727544085571 100.29243373957547
11.347233806918222 99.71848881931085
10.410465572737822 100.2685330237632
12.762884457959784 100.29014317043095
8.657149192919576 99.80672006497771
6.537120237377349 99.90905062647138
12.672575881605113 99.70688748042164
5.459094905594422 100.10264904705993
6.327714579858537 100.15889233187808
4.996455726722329 99.9595440222893
4.919502062190514 99.99144644485348
6.6425715608874425 99.90035110049236
12.714199781561355 99.71254399709962
12.658836415916209 99.71400213824678
6.50224809682739 100.08805827152852
9.798362690345208 99.74147895107494
7.871752745682581 99.83426817427892
12.532860673235275 99.70786273991223
10.44625517181469 100.26883705000049
12.373149878826561 100.28030284692878
10.940367159408497 100.25112488518653
11.51209644814319 100.28276573425134
5.351493102944215 100.09181631115439
12.710037480647804 99.70825466855094
6.4730811871282725 100.08586221040035
7.161202689476223 100.19308558390935
8.708669831884617 99.80474189271982
11.566253382683364 99.71646435042561
12.16185442586039 100.28890762775562
11.178067191586777 99.72110672527536
10.638370641989159 99.7284906752803
12.685860105254854 99.71025866254234
12.322286157320157 100.27990770317993
11.634858506827921 99.71595629873624
10.463940343110064 99.73108954302874
5.217917423491057 99.92398236526256
10.1039135516663 99.73675536263409
12.525893969550348 100.28999912919393
12.560434995459312 99.70910500211413
4.945323622503283 100.01891813775045
5.317901146179355 99.9125457193618
7.848407336067433 100.16540577691276
10.098080683013691 99.73696032362821
8.707762991749167 100.23617732393726
12.189752012995344 100.27734059478067
12.510938536181989 100.28513860862216
12.511280831378585 100.28525214731295
8.961402920291832 100.20328513944025
6.111981024474845 100.04065131130685
12.532644024650244 100.2862903073817
6.311712247258339 99.9295160016894
7.54834710744364 100.1528931947517
9.905469276531893 99.74034226333504
11.711095346845596 99.7156095902416
11.878892443825862 100.28562073581443
12.320493807823544 99.71974737616924
8.27849030200703 100.18174246466832
11.408111688910582 100.26160771817635
9.304735668429034 100.24844544081795
12.325058314643869 99.71079065939686
7.38704153650519 100.20002482279469
11.282534223727243 99.74107460554902
9.039088879900046 99.79423780174804
12.078529772034358 99.71247233110593
4.937865308063076 100.0067949593884
12.430709691128285 99.71671699546125
11.395917916560498 100.28046960719311
12.428236168716715 99.71072464889633
6.080350282375291 100.03548394905769
11.553839338051327 100.26485385686637
11.960091180169725 100.2859084941535
5.663569696173755 99.88280562245886
12.083471681880374 99.71281209690454
6.1304416026030735 99.95355697705646
6.031312840187965 99.9775064736217
6.208285975397479 100.0588176799524
7.0215693289126735 100.12682077349643
4.95026965158248 99.98731309152383
6.865549089851636 100.11736711599995
11.339804071689905 100.26078495694809
12.426814240153888 99.71511466704222
11.94835481994359 99.7268495910928
10.921381047157553 99.74812436656785
10.132186646823211 100.26269185877558
12.086095336296893 100.2766470968034
8.677062074322787 99.7651931238181
10.841887109562109 99.74976205417488
7.887353821370012 99.78524255073614
5.097158878811632 99.94476556245523
6.020246991203387 99.98078997218477
9.839772016210143 99.77256685843797
12.132823506488453 99.71312106274875
7.88168637158654 100.21449563462829
9.641019919731388 99.74565672324417
6.000440292255959 100.007688988963
4.972285108513825 100.02252781065847
5.664532084502231 99.88350336150184
8.818725080707909 100.23770831060764
11.480812684722183 100.26406508456586
5.659564965577944 99.88396011132984
9.877566731283327 100.25820621097083
5.947463828314054 100.13561883660321
6.66123185996263 100.10390494588381
6.848472666449605 100.1168676598108
10.38226741186685 99.73359811606642
5.592451841929537 99.88941598962097
5.993135063981545 99.99683114918408
10.776988121251236 100.24933725184317
11.484196940680368 99.73591943805296
8.598561797946868 100.19330445256264
7.0852787872413785 99.86886906088495
8.725679951034603 99.80268965768053
5.399630254024433 100.09312784821454
11.789174043240296 99.72939173151003
8.350571156273649 99.81480864379414
10.706451102943136 100.27075136229381
11.151152693297348 100.27647402025711
6.00887744153755 100.01808861585097
5.138382790691462 99.93937181567571
8.111220662821818 100.17683635665449
8.436417668896308 99.7713539561314
11.951592915831492 100.28414939003514
8.816974586548211 100.23732968692177
6.111111560308465 99.95448005849771
8.784903271299143 99.80075358388115
6.265439833220061 99.93200329115516
7.305210512562917 99.85717379396127
5.205157500323561 100.0702553004202
10.737970121074778 99.72874101750632
12.209273083881643 99.71448057310377
5.047632318034875 99.95718098373911
7.540203831096657 99.84606177973127
12.193544067294955 100.28211248129942
11.562854597159916 100.26645634178223
11.569128509283457 100.28071279506997
8.757852273451682 100.23582942412168
10.94092171919332 99.72623576071015
8.643513489306557 100.19511514780513
6.855470081798105 100.17949889066269
6.640772942077294 99.89680504899586
11.788523110498055 100.27160778407037
9.121325522405337 99.756386533333
8.652058500935174 99.80456465997418
9.64465369666224 99.74634917418265
6.137333523725926 100.14583022937741
5.99167153487477 99.9869722600748
10.273766714845292 99.73586975628331
6.718663263187916 100.10911374434062
5.353212279728977 99.91277489430033
7.608697901823902 100.15735169733463
9.45757587941576 100.2186742331624
8.986838941266477 100.24059946898046
6.861110167540879 99.82048273426307
11.761926562381475 100.27135041694558
7.409508403572946 100.19918150760421
5.7480272136927635 100.12114687741062
4.976306453883851 100.01468334637026
6.979245214754497 100.1259819767835
6.717301872602396 99.89074986142492
7.214053655103369 99.80746907119969
8.580012569603799 100.19345699768279
9.402309837906586 99.75109895598595
10.463036629366627 100.2664788425971
6.702363187337794 100.10839690774199
5.374146052424982 99.91119995881758
6.776473829603075 100.11361704640275
4.97385897995521 100.0089164984303
9.941994687301042 100.23128412342155
11.699215714008133 100.27066957421007
6.250965978679359 100.06840972115933
11.930534439178569 100.27693328342401
11.103309004775834 100.27463727668695
7.051360947236598 99.81373339755913
10.98345710591228 99.72657508295893
7.115629892697161 100.18853425241657
7.048639210662487 99.86947012383752
9.148792882135341 100.24338430449744
10.359295063039255 99.75879898750183
11.996652688359159 99.71845390086698
9.28559740475612 100.24607167727287
5.110225909311483 99.94816839789839
5.3755224452767525 99.91189727615978
10.782263595956854 99.72935183449285
10.028375626177246 99.74053469068913
9.792061158366149 100.22795658367009
10.225372529712212 99.76167316937794
7.686414910742974 99.7928497962105
10.153603258993778 100.26113650647505
5.1181076106994405 100.05243952316604
7.72762441214041 100.163357436523
5.41048231125544 100.09120745009191
8.01629504957209 100.21645455756897
10.112165141894176 100.2359039782007
6.0072404670009005 99.97233120765725
10.137240371221406 99.73903786319654
5.124860493338596 99.94659968223277
7.109178971894516 100.13438760014658
11.852325472375263 100.27917092162164
11.693644994112818 100.27188430724772
6.272536010958978 100.072129477076
9.527136261870536 100.22146871482155
7.545254445881538 100.15571007572512
5.960796180028137 100.00002033287839
11.642487428614192 100.2707597396211
11.714281981046003 100.27264607427311
5.018020448487214 100.02629124211461
6.158079527732174 100.05780837940083
11.197941823958379 99.73967963632839
7.6332352202726135 99.84041863887742
10.804464412422453 100.2518941603465
9.872880617735934 99.7435216239381
9.106663819683941 100.242042899554
11.447464252831715 99.7341189269471
10.137990147414733 99.73920217783005
11.082650674314369 100.27356172257876
5.306274238381773 100.07922727640943
8.511845830131165 100.2288745271731
9.723013322632683 99.77348909271242
10.286881331459963 99.75984794652122
11.661315469254623 100.27164490990594
6.297951505791295 99.92462638897511
7.141424750360449 100.18873587726918
8.504651012228575 99.77133559159586
11.799357971652194 99.72491768483627
5.292366230364754 100.07719375319415
11.736687873034429 99.72675456277183
10.555412173687484 100.24654338079333
10.769530587337153 99.7488213677119
5.681137668171484 100.11418192631093
8.904031871928037 100.20451493647086
7.148013490868165 99.863115019092
5.011454400437098 99.97856704629892
10.70440787814971 99.7311663816208
11.727617491836643 100.27412304387965
7.091641329451063 99.86610715604519
11.128760510924252 100.27372145776759
8.896412956207225 100.23737668434788
5.020256600039265 100.02490279572018
10.093762020241773 99.76417120823477
10.495232816274813 100.2656561954293
11.28708263825958 100.27522432971904
7.308772589389111 99.80558219729835
7.777701109069894 100.16603835742606
6.585650519520018 99.89827104825729
11.67650484799807 100.27748542457054
9.51438745496243 99.75029100017302
8.03400482156847 100.21635554502767
8.607846140329265 99.76914638643358
6.9206679538694615 99.87563068156416
9.080069992468031 100.24109173135206
8.480636862011096 99.772185563253
6.79486589382561 99.82493342751764
10.221627532895745 100.26140290265879
10.517413557416734 100.26570502703606
10.318576271018012 100.24151511675133
6.0572328551914625 99.95701865414836
5.002301634796353 99.98800798595104
11.49750737605054 99.73184421353973
11.558572368841713 100.2766702251809
10.3213452300212 99.75848406886652
11.609725177690308 100.27195075597379
5.265893992033814 99.92738581225636
10.09521424230616 100.23636343105512
6.373805898958257 100.15582513241559
5.947239567654155 100.00324070940763
6.48834122088244 99.9055230371691
6.191164079804931 99.93573254912346
11.651714648371069 100.27544149991246
11.435441796018628 100.26748283248976
6.125801765951546 99.9447197043382
10.156108923166254 100.23792569537872
6.437812806471005 100.09028056458403
11.688794849843358 99.72555535438892
6.637304139058438 99.831965840535
11.689293317708099 99.72541543879045
5.721356955830547 100.11625303006227
11.513583202686778 100.2697605729985
11.23065248757624 100.27378290977407
6.798477402359997 100.17477738822636
8.810831523578486 100.23494542221769
10.683946650899404 100.26754677873248
11.148588891157674 99.73945260963201
11.39733752748817 100.26684918667056
8.453903634292656 99.7732842543768
9.626914418115751 99.77501959024536
11.012705707552364 100.25789961759337
10.704084944905915 100.25088276616586
5.861546008469879 100.12589319779214
6.574278154589477 100.16487034260714
6.228351044063732 99.93032342836459
6.181206820503448 100.14519322505642
6.604886747083556 99.83379102612257
10.357225048161327 99.75707603304728
6.159583318778849 99.93877467639012
6.907979202444549 99.82109919991564
9.485601345028378 100.22160502894417
11.562213291445229 99.72478210588201
10.18381509254528 100.26003636156433
6.337896984803804 99.91817196250935
11.10955496778991 99.72768896988322
7.175848691516563 100.18880801487967
6.339481945602206 100.08207983892
6.5002619311674685 100.09649010619515
8.911838941663515 99.79425454495971
7.071781912515695 100.18493200505779
11.351397133990956 99.72596198628628
8.573298803752984 99.80450386309288
6.2622214737541055 100.07439979802142
5.151618758540723 100.0525706669041
6.082771979261258 100.05070290380372
7.464255530575937 99.84618560722733
6.052356217945483 99.862754842043
5.067996632731037 99.96692827921416
9.196318293226534 100.214156668469
5.486306004579119 99.90490713288251
8.099517289838477 99.82045187897565
5.125039578272335 100.04687599975641
10.43924045727945 99.75464994686764
8.173670325408047 100.2189406086401
7.543483660871399 100.15753375457038
10.821339854323782 99.73152550304994
7.536160125005076 100.20050980701353
5.454096243968561 99.90831234483053
11.3663243190386 99.73229031696238
5.103187268751504 99.95845970673115
10.12004932208231 100.25850642557099
5.1420785202263595 99.95022777283585
7.133261838632802 99.86200786320663
6.046351449906858 99.95472244283557
7.4935385948407145 100.19905638905365
11.101376991024935 99.72871816267872
5.74113116576674 100.1161460095338
7.172976793134193 100.1401226487251
5.845147405640742 99.87648091490361
9.14560423365432 100.2410353008828
6.011696186204782 99.96113919499314
8.179455092900259 100.18282272357273
5.203885584064677 100.05997925781544
6.070460297640686 100.05026467629492
11.298870255460503 99.72790146774028
10.70390244084488 100.26621709836911
5.024492787696248 100.00604185748877
5.02518793244026 99.99301425073855
5.044297699934652 100.02037414639597
5.5006567474562305 100.09535493013065
9.441074271373274 100.22136874313314
6.570386889642548 99.8966255140049
8.413250931135353 99.809009238534
8.100686332725989 100.18021956458813
7.086147432671719 99.86401815089579
11.11291750944542 99.72950254544263
11.114537002339167 100.26279213823884
5.035603315921395 100.0131523888401
7.575774968617911 99.79880747452765
8.742439185823084 100.20167476145242
7.391057844182887 100.15142511667554
5.9746993141916 100.13129321314636
6.796301025444003 99.88065800967574
9.028500881456882 100.21025810882789
10.61476147337694 100.2645569042849
6.511403681252418 99.90074717583606
6.358671296343716 99.84707678101313
6.390998251432824 99.9108587232206
5.203291423812846 99.94178824515537
6.047507667355017 100.13560568680454
10.982106750444979 100.26823917011721
9.418858822814823 99.77889854899543
7.186865318637804 99.81209389927184
5.923603194560456 100.01446618272483
6.651653137016816 99.83341802344667
7.302481069391455 100.19184303667897
6.237752553974118 100.07427256818659
10.834293978906247 100.25653774840005
5.03570924868884 99.99536900653607
7.311036663889799 99.8079050333748
5.757255976986862 100.11581699643702
6.8525593248435 99.87658818677836
10.989882495298914 99.73183694980256
9.161662111918085 100.21441939041453
5.98872365001218 100.03750540925446
11.168964288746759 99.73151367578058
5.430165265289257 100.08677179896861
10.159277594006518 99.74206822567353
5.909166522825174 99.99182027599281
9.296114042982094 99.78184255014827
8.341203040652616 99.810673743093
10.685447723904222 99.73504731645525
10.45219527839227 99.75267139469479
5.140539770573714 99.95515610713473
9.480747700981667 100.2232472846487
5.966255518507188 100.03253470448739
10.38391797495991 99.75428805231185
5.7245656762777255 100.11300939737899
10.094439350734275 100.2388748060129
5.05986477311983 100.0203612969861
8.874414814376475 99.79379675382447
9.719724638965186 100.22949685942456
6.6139150095721515 100.10787288346
9.238474028205784 100.216755843769
7.856022463749259 99.82814036385709
6.278580760942152 99.85196486666106
10.969654813001165 100.26097551772789
9.771558970514905 100.25137085470534
10.993426430941822 99.73881221599426
10.513880751728202 100.2623067957178
8.235288584739655 100.18591889308462
5.825608036064971 99.8797302043217
6.263705011297881 100.07802126120525
11.119668171359411 99.7334365344052
10.992246140047325 99.73874920439155
10.876270136682265 100.26598007488461
9.267423447231474 100.2176799399833
9.600932058804263 99.75145288080078
9.480165043980783 100.2234341263621
9.840708573285381 99.76736995158828
10.906810136946602 99.74106383614912
8.500669113240214 100.1949216081398
10.844628714659972 99.74258062893774
6.572821914831956 100.16230706356045
9.317460982884972 100.21914511824444
5.437752933770946 99.9132320091411
11.079428278186848 99.73372456335343
10.794992999832347 100.26500428643013
7.520061952494807 100.19841722867098
10.288546455288712 99.74065198954368
10.016627355522283 100.23734051456644
5.899898772076575 100.00516941286618
8.24220013932507 99.81368719542843
6.999908661458584 99.81983581752202
9.571118497060569 99.77403900620024
5.9742278307378145 100.03647686768264
7.496330980315024 99.84267655368284
9.703019562106393 100.22954483372934
6.020704061269823 99.86725205638162
10.892693593682182 99.74076719623531
9.304700834543038 100.21902150265619
10.950232552799312 99.73404754977972
6.244550540419945 100.07680776762314
10.303813987040638 100.2447233242354
6.680827060826021 100.11335490134951
10.292438601457041 100.24447800140501
8.222140674762016 100.18589867975946
10.838272452361604 99.73490049999504
5.983960327300021 99.86984184467757
5.138679998413792 100.04157975483326
9.433724021119302 99.75499828406925
9.917731517143848 99.74667976117573
5.4250723581806515 99.91542424906379
8.33616384558912 100.18992684783807
10.782472445252807 100.26392213309384
7.51531453731899 100.1584972215851
9.223597782445378 100.21702444871404
7.3763774769263355 100.19326567195326
6.3195687222562515 100.08484685629557
7.947778843338069 99.82388509027895
9.523590959595667 100.24634166104168
6.259722326878571 99.92107250329141
5.282489763418495 100.06666808625599
5.738522896026869 100.11276571384562
6.1190761928098 99.93745829304002
10.304143936343321 100.24522907039272
10.883610507377224 99.73954089334752
6.757404721846581 99.8302282531554
9.616221495039046 99.7723243351643
6.378902657547782 100.15216808854652
8.044429148939962 100.17989722651785
8.344623568181964 100.22112829218563
6.744132376296954 99.83085245753063
10.800891546401466 100.26311922049013
10.328557821508204 99.75428824576628
8.12522572293695 100.21537831837782
10.038323386301167 99.74522296331034
9.13706454884445 100.23872904421476
10.202805768582179 100.25685582211204
9.919122293261644 100.25266818366259
8.482347709269678 99.80490821884742
9.875707625319519 100.25196419944655
7.254566409878298 99.85318722832336
10.60982544524592 100.25356057682347
7.5875028429671545 100.16210352336951
10.655987260071722 100.2618039424658
6.273448423824611 100.08113565842513
5.103671257678583 99.97088218158794
10.64633342570366 100.2616179121354
10.023343868647922 99.76153725546362
5.128937654997535 100.03633165095458
9.366858867401623 99.77857583338087
10.028345800205077 100.25406463644825
10.833412434300163 99.73769000184492
9.728912655554472 100.23116410775636
9.052212046185533 99.76310943425868
10.564645431720468 99.74767430266999
9.856595983546747 100.23450471814657
6.636802498050184 99.83597397711797
10.394993390235564 100.24824839545556
6.774890314683923 99.87940718038857
5.83191308501838 100.11884979160136
10.761855472696636 100.26104062142427
5.843526378124031 100.1196739092727
9.997525484725557 99.76198084139234
10.332527800572977 100.24676369620829
8.151431348648003 99.8158019213486
10.409589137133374 100.25890691120019
10.482838709339392 100.2596475509747
10.363598719605564 99.7413397014942
10.289902335145747 100.2573448568529
5.188557188481006 99.95105890722044
5.091624358420349 99.97769743719255
7.30851111104337 99.8097824417316
10.477225859870117 99.74016132236889
5.680878674497384 100.10698019347012
9.711666599718955 99.75105794904579
6.963866147418455 100.17746141738057
5.68609031700428 100.10733205122523
9.787169328221985 99.76711870461162
9.500744127195949 100.2255075282099
9.87698869710888 100.23540297148423
10.237666601607273 99.75557609364166
9.303501072230738 100.22020514123648
6.598136775499345 99.89083067455975
6.129799280305525 100.13766571492367
5.476532125863743 100.08798268212813
10.392934614009812 99.74142185707304
10.69521135478004 99.73941573728709
8.609662981980325 99.77319967757504
5.109686760660265 100.0276627120978
10.527731517697326 99.74018200267304
10.661164018656503 100.25917834983761
5.8734234210807905 100.00437376318663
7.602237141991242 100.19953465413803
9.444601937719842 99.77588164021009
9.170533491452753 100.23861107106319
5.908981836783897 100.02550681550662
10.453705878849624 99.74109077351619
6.5246690524174875 99.89593706665664
8.452299768505068 100.19495557343481
6.53377419705133 100.10478278252778
5.077706671720465 99.99097279825091
9.10202896412868 99.76272049413738
8.314121621460513 100.21939069755632
6.92772042756038 100.17560075111426
7.358419242693423 100.19143297478979
8.834972371610826 99.76838548469208
10.567086323337248 100.25505567478527
10.586576858190384 100.2581264390559
5.297771763246476 99.93466449142909
7.229176506252319 100.18678232139143
10.559309841327662 99.7456789794769
10.27213901350925 100.25600586573698
9.817072728534214 99.76567601023281
5.089816215329813 99.98447540969471
6.1089667095246 100.06456709373617
10.61709395771389 99.74188571238483
6.3265654943913505 99.91187286438804
9.938958986118926 99.76232774786578
7.6325340995730375 100.20001251088632
5.3420268476526065 99.92901764092731
9.041234778438808 100.23550650329568
9.738453155920253 100.24823173768232
10.261437513703525 100.24658342177577
10.086737672968457 99.74634604469492
10.461243222486104 100.25703387445006
6.421464093013303 99.84738129603258
5.216046880045118 100.05121604877172
6.0742609083397765 100.0604104967813
10.426234297979132 100.25666733332694
6.487445880348118 99.8979483846744
7.143131450277733 99.85721879204691
6.17386158052647 99.92698590293293
6.736601565032217 99.83282574520746
10.498907042703117 100.2552344432858
7.299068971904258 100.18888938166317
7.559970929306482 100.1975214282253
9.58643344931722 100.22886235156106
10.471272403238272 100.2560343930194
9.685643396194822 99.75267882503574
6.780685793065595 99.87746392042364
5.892047791470335 99.97599316391452
10.471075204730113 100.2540425213052
7.70889803568957 100.16860898232848
10.480624015163116 99.74291837145275
6.0445224102575175 99.94346480243216
10.07404752868128 100.2528021291811
10.519678993390976 99.74339465616325
9.980583856372427 100.25149240436731
7.041858869436968 100.17938297045758
9.863724454761574 100.2363924193696
9.231226958353986 100.23893171438336
9.261912438737165 99.76031990686482
10.46993546084978 99.74677780509955
6.137278414668515 99.86314650047558
7.779283276371084 99.79581823194857
6.109386448508388 99.93426972287187
10.141622197432481 99.75639323930969
8.57087211747739 99.80045912126333
5.863184069969214 99.9885379329345
9.00240584543937 99.76558046722081
5.1436286966106906 100.03296945628513
5.859398476012296 99.99159936543592
9.241788911622454 100.21970428216456
10.230670826357684 100.24668904699777
10.245887953086552 100.25429503088216
5.939495902120148 99.9615368913628
10.3905952698119 99.74885100208944
10.416650441920464 99.744086646628
6.034420451136346 99.94421442139307
5.109621971976908 100.0195554931892
7.750784010948057 99.79690788024843
6.982908150117806 99.86515504651432
6.562192135830829 99.89159884116582
5.4646620303643685 99.9158082376889
9.425078397454685 99.77515870379948
6.180201596105968 99.86106844889518
5.547772978732884 99.90738777401685
6.555408847737476 99.89194283050955
9.352491709262505 99.75909246515137
5.76149947499889 99.88902064297446
6.547932828075644 99.89241622587637
9.270859831969346 99.77927389816723
10.389064359681683 99.74571057427272
7.71331583185501 100.16937266713401
9.380557982947158 99.75866475021776
6.663841878420059 100.11580022027833
6.971602669543175 100.17610507408425
5.100813445797146 99.98952108049518
10.31625459362587 100.25331707752125
5.839540177210317 99.88330072598401
6.715769400576375 99.88066610964714
5.385527937017679 99.92571513471627
8.471661615396206 100.22195776225766
6.356834236172781 99.9072953737242
10.148891352857548 99.75492765416139
5.6899919085972614 100.10478275447309
8.567716047746693 100.2241627660778
7.817111902064567 100.17375167399653
9.423699864941614 100.24161881401776
10.020907642600937 100.25063464560253
10.086708816281508 100.25134849510155
10.203138932160504 99.75308011038115
5.965799156418405 99.95406745882462
10.214637867208932 99.75264986900982
5.2382266189896445 100.05175804604117
6.548582692777642 100.15752994366815
10.176553682707802 99.74744616331652
8.202018493378777 99.8119743840723
10.03917577650114 99.75768144684828
9.173213827056687 99.7815498733243
5.8956087062191145 100.12018245676978
6.564638396880396 100.15817924236217
7.713812255219555 99.83021155889217
6.461262030675767 100.15315681683757
6.3883503212558965 100.14945152244368
7.716898506112892 100.17002699113338
7.561570296348694 99.80345936391842
6.418184656198419 100.09845227403925
5.883890345761794 99.97227612381161
6.369912010685096 100.09444865056864
5.133979476482014 100.02399614533223
6.259731275706107 100.1424809804133
8.571160575518078 99.77602894730927
6.128929499085078 100.07054616234794
9.470286311940287 99.75782897892235
7.445552602435111 99.8413463414803
7.345384679300519 99.81078716450354
7.507298697486496 99.83858694697469
5.422578611968107 100.07752244039126
10.21941225858897 99.74994699622602
9.084889615942298 100.21644818257485
5.930749079952044 99.95922328780063
9.986776501455468 100.24908176500011
8.611977507713444 100.20217890530232
10.101192541054733 100.24966774671398
8.579037208416231 99.79886961685006
8.62469515063029 99.77509954864279
5.111368676124634 99.99680684839436
5.72921856680484 99.89318575248899
9.638449852197136 100.24417599112924
7.098545148182794 100.179989417836
7.548901777243402 99.83647671168652
6.7302984925628495 99.87857382821105
5.849782753812915 100.01793026258545
6.2253988746629965 99.9180708404967
7.329787576527436 100.18824962915593
7.1946542059163265 100.14739390629825
9.466069207473346 100.24127086543888
5.214344453008988 100.04423664554432
8.837020307419175 99.77060524203392
6.873395989705657 99.8697237124771
9.751845973328162 100.23593124735322
8.536538873601083 99.79995983092405
6.396172608225423 99.85092504471321
10.025701019282952 99.75112744883498
10.058675178722549 99.7510073359745
6.580096078398801 100.15801624002079
6.9840515937061225 99.8246037184501
5.575084975712301 99.90728293770024
7.63952332157675 99.83237948183987
8.041158617925232 99.79005811108141
7.977689483151503 99.79181286424823
8.14602961513813 99.78725136452013
10.06170255761869 99.75182366712531
8.99998206621361 100.23234380961213
9.172569754680806 99.78045655565472
6.3090466655871955 99.85574405014768
5.2364375550851054 100.04787140712939
9.936349494905857 100.247064932008
8.795766008945355 100.22804160625202
5.973335922623005 100.12404040857383
9.42663578435968 100.22709036313097
9.963277502353941 100.24652409708145
9.913173077451237 100.24642933993911
9.639592964018847 100.23332553377055
6.7897781512279485 99.83288753132253
7.47481965210944 99.83911215360021
5.460237702679863 100.0800411507955
7.621475288894874 99.83281286236678
8.064016069708515 100.21016197853449
5.899271173408195 99.96302027715389
9.280455273488595 99.76246182582457
5.155179372704172 99.97484577497445
6.5651680949601285 99.8887483644425
8.204161309453987 99.78609059581996
9.795483628829892 100.23829972531121
9.580256823441513 100.2421975971182
5.741028574862004 100.10663108015189
8.75251086883399 99.79259356484731
9.944773184247733 100.24473279368443
8.253597568277176 100.21501955053131
5.147478008862896 100.02118286652727
6.757085959263821 99.83453693621158
8.301323882518945 100.21618225174483
6.347808850570281 99.90547456742274
8.29561971282298 99.78385784292307
9.536624388601702 100.2307533881068
9.760530310637044 100.23745904138651
9.81941088604435 99.75454747890109
6.208440362149007 100.0816871853228
5.664138474954454 99.90011903874955
9.933346343833927 99.75681443160475
5.819871532712029 99.99239514091394
9.760703183416672 100.23781261437674
5.978673898266355 100.0531284592775
5.325788684574763 100.06164921968585
9.936488983194476 99.75495461680198
5.452016126784962 99.92164671786824
5.876691726411505 99.88337655471308
8.315838504557037 99.78353177481114
7.824285766518102 100.17578766826526
6.243320481732885 99.91459380372919
6.450357088583412 99.84912160945319
9.576021053748088 100.2322991362605
8.767610226243187 100.226791278332
8.046129788861569 100.2092727170128
9.58666914862323 100.23266842261144
7.13547085440111 99.85454178380033
6.014688386628277 100.12595478187005
6.578675530195511 99.88727877936971
6.15961242463242 100.07695135530298
9.852701626192726 100.24182764408826
8.793498469707258 99.79095210194782
8.252162959200696 99.80853413329115
7.441041106961429 99.80891681744284
6.272627391301671 99.85861634079892
9.84593209726877 100.24227716202836
5.8285070126442635 99.9832269591798
5.430877492842409 100.07538314754102
7.390464232536862 100.18925093429965
9.59702089802364 100.24151475614259
9.127408308496369 100.23383493447446
6.987723226257943 99.82545079655482
7.524939874629581 100.19365383893422
9.85640724098794 99.75595569010316
8.214480752594259 99.80967836146091
5.434535711894134 99.92436747205052
9.674470414178487 99.75723778835606
5.162326012938882 100.02354069309845
8.669549508294464 99.79453389649592
5.362470038569292 100.06604040259373
7.958661618751266 100.20657397321293
5.8192287795024535 100.01337933225754
5.388236782780082 100.06947145108431
6.2775037987219635 100.08928050369722
7.4112541616488725 99.84105545378874
5.303869674739813 100.05677075372397
7.505552856042447 99.83685877244744
9.743479291239154 100.24191654739766
8.225286138494516 100.21353410094159
8.959893706220557 99.76960240939468
5.316525811648635 100.05865586661267
7.781436982069166 100.17465126191283
5.578158758457305 100.09071731743406
9.769730767560135 99.76033344470218
5.29348693088476 100.05466544336457
5.159343719031142 99.97971147483234
6.756967658424374 99.83540553219328
5.33246939475958 100.06090865751074
7.002894910487259 99.8252481591979
6.325804311851934 100.14364911349145
5.983903802747528 99.94408275700047
9.157064380759952 100.22090493273991
6.041279766544589 99.93584587792489
6.029989252819783 100.06268829032629
8.10212159438895 99.78981721867295
9.754013998915866 99.7595170602469
7.466288337435124 99.83825772409769
5.183644686681693 100.02880103304163
5.268866050831028 100.04960391312359
9.710014688215239 99.7585858300076
9.657750731395877 100.24039240964642
5.16824662268581 99.97732116145237
9.294598524016866 99.7638303027793
5.4405355916850215 99.9248762354002
8.782540903048954 99.79041577682436
8.423965077727035 99.78179462831876
6.297915661446711 99.90808975302267
5.702199841443697 99.89845891183663
7.847625333573436 99.7970331029106
8.310048388031891 99.78458971561335
5.802790302071818 99.99347877438568
6.167716383017047 100.13440193323223
6.150159819146811 100.07754838836965
5.31966541335215 99.94192535626578
5.144254371677865 100.00352792877493
8.243041900652724 100.19210109364192
9.462424882639073 99.76971760734041
7.102707308539593 100.14481970677798
7.052046067874344 100.14221882854191
8.616658030437577 99.79548635048596
8.477532385913774 100.20012314709209
9.496875984242294 100.23843183251827
9.34834213677324 99.7632634057866
9.629206552429142 100.23692822416722
5.836225781849821 100.02592962734825
6.93617150652373 99.86393305844678
9.207871912515726 99.76568375870045
7.358672331306841 99.84271507573666
6.2288597241395705 99.91406923581934
9.603740757644601 100.23874827252152
6.747363692975983 99.83639683808437
6.406370761005548 99.89856445412728
8.993740421208999 100.21659640594808
5.4258560308229375 99.92744668133615
5.583856123115266 99.90990151244034
8.017969947101966 100.20734783056626
6.196591145769997 100.0829306917039
6.243294341175832 100.08755015990465
8.06785682283348 99.79125626095131
6.8051238152827045 99.87117961210456
5.362669714622375 100.0636692435621
7.770682475594543 100.20018788248228
9.575162608950428 100.23666267725274
7.520075816344003 100.19238313479602
5.17725033399431 100.02256785047902
6.207733798389915 100.08433426204171
6.682231573077231 99.8786100016102
5.7922163297818905 100.0014497960092
5.694292640601226 99.89999831327364
5.810710004771672 99.98164713974586
9.156754992619312 99.77822600014068
5.899410257473379 100.0435726911567
5.950490933941352 100.05278699502834
7.972176619419392 99.81712385936196
9.457163461271529 100.23657900880748
8.734957512724403 100.22436453803763
6.748183585652066 100.12572703346683
7.1488385449656215 99.82060611382013
7.081512599819597 100.14441205218802
9.560809605730256 99.76253055644031
7.612387792027565 100.16887099832243
9.257007350640869 99.77484181758602
8.853036188635064 100.2266982675954
6.33683865214281 100.09649323272119
9.142273823552344 100.22187988179665
5.789450129582086 100.00491238874567
9.360218657216087 100.2352634667646
8.525249182838731 99.79771086684633
7.313980182517952 100.15587605527207
9.500318598485539 100.23541258843935
6.594297260045008 100.1159777497321
9.517472693991254 99.76562287943992
8.51372796700824 99.78054318225195
8.53956940387593 99.77997593742064
9.385207752153631 100.23004003329186
6.78443473454769 100.1645276603941
5.924305068205695 99.95083647300959
7.515881135166939 100.19180394683539
9.227757647562896 100.22494414878554
9.45270552749948 100.23328153413834
8.926909064751449 99.78469290239055
7.568837814175032 99.80647524511055
6.430009916181509 100.14768455111138
9.414073259268463 100.23186376991397
9.399873380777864 99.76454810922584
6.419599593731967 99.85284812824239
6.267203154798356 99.86109000221347
8.00684564416544 99.79361024891607
9.41636360892866 100.234457110101
5.568869119329278 99.91280765844874
5.939738623572714 100.05248073888349
7.87137185522395 100.17966675678608
8.077087375553107 99.79176801078711
7.528900750469966 99.80792534916844
9.240213312564187 99.77454749689947
6.8657474343839 99.83227536335035
5.648189016146739 100.09475604639478
9.402495732355463 100.23383432869088
9.035699727945575 99.7809708378708
6.559035994299782 100.1141363893082
8.295826246186898 99.80489126495313
6.874411298714647 99.86611600240333
7.880884580257399 99.79733536423562
5.807699125198437 99.9777358056491
5.757455262600643 99.89582186210008
9.378735765071243 100.23238744389369
6.015893415413035 100.12319021697563
8.173437119033908 100.19104751244078
5.265874593528341 99.95603993288829
5.826846599044725 100.10959106637851
6.052358994468429 99.93103226530303
5.692310702050964 100.09839789280542
7.816840818157178 100.17784968456915
8.818192736546624 99.77467133432224
6.390107247649974 99.89814906905238
7.564479397260752 99.83241719181788
5.876860273026471 100.11327491208833
9.139067009563298 99.7689077457693
9.37144940504603 99.76857625401536
5.176081447956653 100.01303616059505
9.212051998326295 100.23156157778482
5.864008333187407 100.1121945974855
7.168098031313685 99.8503140249287
8.451133236482324 99.78283324167776
8.247804936535326 99.7877837745547
7.930229172593613 100.20366102080928
9.295138732268072 100.22930598258841
7.458028392854203 99.81067361709012
5.279394803386018 100.04598218872353
7.311538077325392 99.81567297621564
8.082132271116446 100.20775842943115
7.722403109625031 100.19755112667684
6.1649220440531645 99.91786135763
9.235005446889422 99.76834692468984
6.359098754244752 100.14312309322561
5.945476530159143 100.1177968981996
9.288987185397183 99.76812485500412
8.96262884646833 100.22720056873256
8.529025066404582 99.78137279384032
9.296688664112583 99.77019924299444
9.192290152976954 99.76909578514874
8.92241395935448 99.77335413935664
8.65679615114091 100.20809874051486
5.769310671017244 99.99970736838577
7.056114460486899 100.14455346118471
8.954596560976075 99.78229125429698
5.232104453501096 100.0329697409571
7.580065044411752 100.16891385300138
7.089629626649817 99.82419371192235
8.89501090926153 100.22560038046267
5.284070103622172 99.95454166562484
5.793288620694833 100.02165755430676
8.119697781875693 100.20823930585449
5.276119356147084 99.95646299332171
7.07086571204305 99.82502567897177
6.471562118991797 99.89086946898057
6.744093924096208 100.12735319017143
8.352530276389482 100.21392981239018
6.069951634752937 100.07279962899916
6.83873641640186 100.16544990087213
8.529533537671636 99.78189922912813
5.763867675423763 100.00046616134026
8.313615068517851 100.21289101373672
6.359211697512638 99.85745261841244
8.755053679572576 99.78825229147415
6.066761458758036 100.07271192016535
9.14967640984576 100.22741995233886
8.981773788109102 100.22641382490593
9.062161329970396 99.77785986454089
8.514765749996792 100.2039835332172
8.87442238323283 99.77504602377647
5.228526102818646 100.03008693340641
6.051454223747269 100.12416462210433
5.775512000451661 99.98438401757457
7.592703605280144 100.16984704844954
9.06494133238768 100.22295655646874
5.772163857444222 100.01406648367734
8.190713920486509 100.2096403621552
7.5582933078605565 99.83157728573141
8.80211874196953 99.7765804705179
8.828663630305517 100.21467897659345
9.090816021266692 99.77215815635043
8.255975949253816 100.19525102705532
5.187928053320584 99.99078868697634
8.39341693731303 99.8000996240186
9.14673304021634 99.77230949191238
8.25100228321492 99.78876692628532
9.001826692643414 100.22625214083786
5.403800282882162 100.06442249057427
9.072922088169857 100.22373431105808
5.802866686271423 100.02774923810449
5.324245713858824 100.05158318121012
6.35803198128038 99.89903861348884
9.081331561575993 100.22658526615358
8.051687481204809 100.20589025230805
8.355667462196774 100.21351261490396
7.258773990134178 99.81854751478569
7.963247952481288 99.81532333274411
5.62494745865323 99.90992517518566
6.958303374032867 99.8299870790805
8.083258959001009 99.79322172997958
5.775247753009794 99.89647293051344
5.275784037677764 99.95867641696694
7.310219016652037 100.1831075606256
5.812302157175826 100.03138577518588
8.547237323902042 100.2176621842845
5.991022693474736 100.06412644253336
8.254260007652043 99.78895863887797
9.059225241995252 99.77660227915518
8.648880323718615 99.79110699624547
9.04151630891878 100.22534012739796
8.420168194944726 100.21476238996397
6.890288190569695 99.83294819342267
5.777901505320044 99.97986521435342
7.703976698881057 99.8252022590051
5.269727395597412 100.03913277374933
5.270613204862411 99.96078949569812
8.137990054386538 99.79208911810042
7.9607871498171665 99.79681899761458
8.822772550153367 99.78490363385158
5.324767301201945 100.05042357672833
7.126433872028297 100.17614940383382
9.03761349252859 99.77571914141005
6.298525620847251 99.8616557773342
9.029829808226955 99.77603321691593
7.625426787962559 99.82814891704493
8.684160727455543 100.21993609477357
5.996083761169203 99.88041524415362
8.442926235334248 99.78489616899452
7.74230453499525 99.82334572269488
6.269598913550229 99.90560053277481
9.00647454527371 99.77693310738054
6.888131267614373 100.13690393882422
9.002637497679373 99.77667170134679
6.890886239551177 100.13709427689531
8.706506924288702 100.21180676126976
5.752066345410762 99.89927656520231
8.944366896514076 99.77614361913754
7.933091002739136 99.79792405472618
5.748374925585248 100.00227769560766
7.969364887198491 100.20293721938052
7.076329954749502 100.17390236170701
6.621033085146948 100.12101506355901
6.387548749536705 100.10443933399377
8.480361540092812 99.79601868820997
5.473182815406937 100.0719094063268
8.837278894794807 100.21703871860859
6.0523605435350385 100.07312252695614
6.252242267712753 99.90668735495305
8.042355599353016 99.79515317686301
6.112912712818598 99.87317142552128
7.483280604696852 99.83375387952226
8.847250433433913 100.22152410598952
6.75148784879559 99.87067590416619
5.317237433353391 100.04733581260552
5.776156029995279 99.97611236832684
8.832822507814122 100.22122353266886
6.264108153353194 100.09455454801108
5.227068900901191 100.02270682917982
8.592634440790448 99.79179990598105
7.5159980040311405 100.16785890095834
5.938109197213702 99.88517136297801
8.62510654163151 99.79061020413747
5.826041556565077 99.8937104064132
6.121865711455421 100.127121821803
8.901527812222524 99.7791989418573
8.893523895089855 99.7797404402949
7.908737594354345 99.81623243035786
6.136738716482145 100.08278414102473
8.82803465457722 100.22048262256762
6.204210796468938 99.91065385087585
7.52526104265392 100.1683938325433
8.833066664420768 100.21822384569627
7.5549995245763615 99.80965440484866
6.527796003126348 100.11531062622673
8.861229894678774 99.77944896969231
8.16290641209332 99.8066009214497
6.073400776548097 99.92370786011973
7.667997828715765 100.19365112077946
6.893708035026226 99.86205454980228
5.741505128230522 100.09882822917015
5.74521494211349 100.0107808466759
7.158199627173692 100.15178893547593
7.608589819290789 99.82797699390683
6.179078735956414 100.08731801142707
8.133461343851266 99.79332883950272
8.650117384327553 99.78914121018713
8.838635696033254 99.78103110191098
7.9524323398039325 100.18581977554261
5.553975002102933 99.919638360845
5.90102071118289 99.94631157463486
8.33588769673897 99.80024237556478
7.28229858203888 99.81905153279148
8.626325203061294 100.21718197315371
7.984102313067429 99.81303129762402
5.850910954846912 99.9550308896491
8.459855541146874 99.79573456103196
5.773057786231818 99.97439441340192
5.440492159078239 100.06611193784568
5.300353479023427 99.95797906134221
8.799783391407379 99.78066841260122
7.905957774033556 99.8159034479476
7.379592163198957 100.18410893714983
5.319269931795531 99.95406449994766
6.837392766098129 99.86491793758272
8.560748918496113 100.21564598624227
8.458334892839899 99.78609133921454
7.584366221251148 99.82868875237246
8.107627008881847 100.20552691199242
5.563338171869299 99.91905731958396
6.9516550058541124 100.16809240644803
7.189067097586641 99.84639532064763
7.221519824347593 99.82150752858202
5.279361486337684 100.03623114034552
8.42715947573383 100.20372075815558
8.623134630145762 100.21107724328729
8.706024964574697 100.21708000220268
5.5811612018285075 100.08267150287679
7.413255676377356 100.18500392138574
7.897507016509286 100.19977725886285
8.562931696883455 100.20888707710357
8.462532836537719 99.79508819802369
6.827715389683998 99.86519186216931
6.511724852056934 100.11494911148392
6.846833616212762 100.13597100472174
6.319697712057365 100.10051228363102
6.724838156662969 99.87120660863596
8.105645215487893 99.80792345157342
8.629450570985846 100.21188624833067
6.2175713882013 100.09180870983337
5.608864289779014 99.91469478782719
5.815676381238064 99.96084444681095
5.76042221930777 100.02353113731273
5.831339576938162 99.95741740302253
6.155233744744947 99.87180374124867
6.383316359504413 99.89431671810962
6.350325498375373 100.10315320807614
5.995870300228386 99.93147755951888
8.080788167471077 100.19145918512272
8.638054559923289 99.78784248785203
6.391900871205321 100.14167125318926
5.882975455443569 99.8906521020514
5.25491455652195 100.02706265423855
5.847857807580008 100.04638097524563
5.955902849577367 100.11465144349987
7.6554531301427104 99.80751253206284
7.679964218756393 99.82416668253616
5.272966114619648 100.03258214301651
8.114172155313774 100.19285674484972
8.524764979139892 100.20828092391505
8.59269845908836 100.21119191964006
5.33759802050063 99.95232469078366
6.689593528516485 100.1270262369639
6.095684709380351 100.08038642305742
6.843810051250381 99.83697205564587
6.243651645643083 100.1330829377577
6.572227690168076 100.15059816590453
8.583919819143077 99.78924884827563
6.083431659469715 99.92075985564347
8.588704615897843 99.78896949542387
5.49079966525563 99.92897401413053
8.268457732592424 100.20839984492409
7.322165871843334 99.83941661218068
6.55024293600242 100.11824479853176
8.16025217212599 100.20585548938394
8.545845281918787 100.21004070286024
6.527904520135031 99.8832212890917
5.613097907227618 99.9151149381853
5.844987102126359 99.9532743460801
5.88819027245325 99.8907514448882
5.753424762731896 99.9763232459449
7.550151150247922 100.17084093591808
8.045355972658184 100.19066607466198
5.987466999516236 99.93161092960227
6.323531518906328 99.862500869945
7.274458302314342 100.15859252330105
6.620412830638319 100.12308860686085
5.382119810913551 99.94525268439867
8.522510155426694 99.78689300255837
7.494777423703079 100.16856798904767
6.741878099661269 99.84168340940292
8.164674803209994 100.20569172983552
6.039330670875707 100.11990597705076
6.447287117742087 100.14398619182153
5.899894711793415 100.05661127683075
6.987216764054428 100.14454197469502
8.41827315651674 99.79507803557453
5.353972223332074 100.04926925295865
6.1919449301044605 100.12954229340188
7.441514382226851 100.18490867999856
5.598266680970247 100.0826885751392
5.251358567604485 100.02156874408011
8.494725347218512 100.2105453802354
5.24469009467078 99.98196227763985
8.252753256000036 100.19915658207512
7.965105191666972 100.18811541797737
5.896694247612876 99.94337901053143
8.294591667458715 99.7994719281335
7.937642120486009 100.1995609612963
7.177935860037183 99.84564333707766
8.27706621233158 100.20016239056686
8.386847233507348 99.78994533786354
8.336035517884008 100.20252867136315
6.21626354007922 100.13072835035786
6.4900991342604515 100.11484736086351
6.068864844146493 99.87857416091931
7.875158812920063 99.81536704810846
7.508539598120736 99.83041483258708
5.350408257845356 100.04768015545578
7.916774961296616 99.81370672714317
8.414404939865424 99.7898145958691
6.727315804601432 99.84284108416985
7.939125845761502 100.18735805860996
5.834642269908035 99.9534377378485
6.266436817534174 99.90224291213659
7.95047496581008 100.19963763157389
5.4145171373788035 100.0586426184626
7.680767894682637 100.17705460105907
6.288921007660418 100.0997664817554
6.115829794597215 99.87569988184751
8.353805601213345 100.20389706944182
8.434429295297921 99.79291594729344
7.94213469569007 99.80053371457475
6.451902922690746 100.11241158482302
8.426848028188907 99.7930997929024
5.747560691076391 99.97434423681781
5.710795834429797 100.00191071891368
5.250770466145062 99.9817612762451
5.812727443621535 99.89789810437279
7.695186849510893 99.80755843538154
6.375112142522351 99.89321391523936
7.63271833803934 100.17526232960553
5.763833065361136 100.09786278462232
8.373060634513648 100.2080325980993
8.379956638148919 99.79463701029304
7.660794340027705 99.8087222116726
8.353630970011576 99.79187163539287
8.201045677922984 99.80207053225189
7.167255806755847 100.15448002757643
8.084090081125193 99.79730920653597
7.10807758440743 99.82748291854138
6.07723960672934 100.12139205007574
8.214249271068418 100.19883821148743
7.732372058367183 99.82050008605962
7.172319885210283 100.1748021367334
6.334255083991008 100.10395600482296
5.322434665428549 99.95999776953563
7.184413486544662 100.15550716031899
5.483908575468287 99.9325745459115
5.767799375817849 100.09764353865455
7.93743726167154 100.18820083473226
8.308494296212555 100.20459694819134
7.897834645068066 99.81337470869002
7.442207364935224 100.16769440923123
6.6450688588686955 99.87385070909797
5.244399721364328 100.00675100423949
8.281046489684195 99.79439475696888
5.628842747020799 99.9159311363291
6.194807108693559 100.09276007054571
5.705692664254066 100.01027956309797
8.135763679968655 99.79721463933045
5.259709479124322 99.98294107239285
5.699099544121813 99.99882719912782
6.363551534892228 99.8930643720241
7.677460817595387 99.82200886965123
8.163569006682717 100.20258857763343
8.215336495156508 100.2012178860468
6.086700211836666 100.0826681367815
8.224302154266134 99.79626883106043
7.221749443959264 100.17586741996854
8.18492660192139 99.80092691162912
7.612349376393914 100.18874223357741
5.2836210513703925 99.97363993962811
5.457188203302466 100.06245785161497
5.770211994165938 100.03656820726579
5.25711643348911 99.98678487894038
7.017946753700804 99.83183983218603
6.081350968680594 99.87937357203558
5.601778815114547 100.08037703533968
6.742265791134332 100.13275175168042
6.585951314041317 99.87697317577556
7.988437152683527 100.19850911736836
8.07237323428782 100.20024893112715
5.78620822281605 99.90177898879442
5.251890410587952 99.99425253980309
7.968397594411191 100.19067249448078
6.240661948017312 100.13048443866839
5.916714939666635 100.10874708449882
6.925189968068213 100.14320333527137
6.303912622125485 99.89722521315178
6.980028690698554 100.14614420261557
8.093039810339462 100.2003651053745
6.586568407962698 100.1232538833738
6.466576531983495 100.14295337099642
8.043699942274591 99.80620961548533
8.106410746848772 99.80337932135926
5.3211890730923015 100.03602426783299
7.662827624175589 100.17819662754381
7.791632248110252 100.19323320720335
6.101517308065074 99.91506671777765
6.102936716575843 99.91486703864254
7.9294513782363865 100.18958693533301
6.457256033406633 99.85771548911563
7.392713482242601 100.16655693688224
6.090353294729935 100.08400185691018
6.617883231334441 100.15024267075466
5.821453296403224 100.10071476345796
6.659157394190977 99.87186017335024
5.9643174938668855 99.93002363534922
8.116325821565813 99.8002313620134
5.8871766963205845 99.9404161864112
5.34181187688563 100.04014069945165
5.271113974716949 99.98321484130632
8.0111903160122 99.80684673794616
6.333956215504256 100.13541048976253
7.959884120533582 99.80902213551434
7.909178082993777 100.18912675112537
7.815584853716353 100.19340531505736
6.333443141787679 99.89425250885384
5.6859435452448315 100.0000470449449
7.478270650464036 100.17069345900094
6.488763924622114 100.14357435569242
6.140668387532114 99.87629882658987
7.604866145194083 99.81237484700458
7.512753240572872 99.82784343852248
7.758516033670804 100.19167760537711
7.401081649508787 100.18096124160029
5.310994692652716 99.96907074800801
5.669943857110349 100.0861679833676
7.069877779099608 100.16912002595545
7.121172033498787 100.1542180818494
6.385839030430035 99.86205774947621
5.426235564754133 100.05537039187439
7.8140262204943465 99.81460482486146
5.868408780449566 99.89605412141964
7.683838489576981 100.1800095087212
7.83734360636168 99.81348879019465
5.952626876682934 99.88962424463521
5.500654306293763 99.93370783758905
6.559089454237832 99.8776158123046
5.716243662337911 99.97457256129974
6.07350465289171 99.91680640988542
5.999215447894414 99.9248707349419
7.769275353289909 99.8162928192458
6.121463878974811 100.08803911365607
5.321311859681446 100.03294108326105
6.4390363641597625 100.11426328829944
5.382517743151446 99.95289543382675
5.2729388702028865 100.01287982925554
7.870847971482785 100.18863046561032
7.9584038180780885 100.19339921300153
7.217099204342857 99.84084480749286
6.115678999452748 100.12145899216574
7.058758280692603 100.16836276613802
6.641833450153404 99.87209359441044
7.53545718074123 100.17394459970495
5.692865596939354 99.9834448472692
6.410038841916789 100.13884658987433
7.060716073135106 100.16839558342735
6.987096342808711 100.14775569614368
6.754599376022655 99.86511130846958
7.753081268634945 100.19049214976907
7.911737616384803 100.19186631714413
7.896294360378082 100.19083202691152
7.774903210475007 100.1909392364106
5.418079381229785 100.05284257861571
5.6752034117365495 99.99932606933795
5.812522519120682 99.95030919566842
7.892566467154353 100.19087167479191
7.852747036767541 99.81170997307757
5.537375403116597 100.0702136480285
7.712473336217057 100.18918286579974
7.437860783523684 100.18125462894656
6.680237163275232 100.13071302720594
5.6864316519673235 99.98464237170083
7.288769073475731 100.16309931235735
5.290006113379958 100.01923042882427
5.4195499721244245 100.0526710348106
5.467506977980193 100.06032481354163
7.624099993671564 100.17848210202179
5.686137993716404 99.98427073418019
7.55307731288819 99.8248408619183
5.857831308207679 99.89791961992589
5.357519436806136 99.96002369686158
5.676533251201562 99.98993754349294
7.833360198858825 99.81176024776848
5.693705954862874 100.0205696704241
5.525048258997699 99.93194582758386
6.2885890700448135 99.86849297980862
5.879006233704292 100.06117800263782
7.785318972350635 100.18646921024194
6.020326522352699 99.92116670715136
7.737425302717776 99.8106631813122
6.659439955648009 99.870253227718
5.555507217010054 99.92821143060483
5.949969940317402 99.89094337630607
7.077176727164274 100.1682878554127
7.502510464482244 100.17348470978669
5.5909129745237305 100.07591760464892
7.68735152047724 99.81203705387966
7.75400338122147 99.81061587768363
7.7110328402019 99.81706400929797
6.773626944508085 100.15576943636103
7.74041650283471 100.18486187356255
7.078939151132824 100.16822155130355
6.457408456396676 99.85946896196708
5.6663879891968065 100.0023919491963
5.8657619515541635 100.10215489563004
7.651985745414188 99.81325545286474
6.600186549125421 100.12639035930243
6.95842968618809 99.8528260090451
5.66562689428006 99.99743412301571
7.1389953373749355 100.15656841036859
6.099090823590401 99.88071551390111
7.7355257235212 100.18770940669454
6.213205306972217 99.9020078379066
5.903618485465436 100.06544541636379
5.965768332753369 100.10969886307647
6.8901629577300065 99.83948254705669
7.5460821027599945 99.82402443149286
6.266882256947595 99.87036440542127
7.223685665706682 99.8267487667502
6.845506335109325 99.85876890868984
5.307216983998981 99.97778838026562
7.7001214448991515 100.18400006646341
7.577357115963064 100.18396421642004
5.809328961914741 100.05154254302386
5.693501049990675 100.02429575607323
5.71855089112451 100.0885277160001
7.150551217485752 100.17031620674601
7.052269613273429 100.1666408302882
7.396520149175374 99.8212500148176
6.246195646089755 99.89874773196725
7.635994600915566 100.18473479171041
5.293387551972304 100.01308408234314
5.546152183308655 99.93073558044176
6.674494596150451 99.84928764865883
5.9151015426972835 100.06771210723903
7.66735875512957 100.18482796342285
5.798207443075796 99.94980880019247
6.651531215653155 99.8504286148808
5.975133266577433 99.92487150706444
5.804355597141443 99.903777360904
6.441726120907844 100.1390008254637
7.336981438744404 100.16697542151583
7.6117305807096045 100.18383168623674
7.5447354603635866 99.82323874000869
5.9145378089116045 99.93212476335484
6.177876882415982 99.87630549732211
7.545109934293702 99.81741328533765
7.408199015026031 100.17049692195545
6.46795071470177 99.88165101926587
5.741986182137898 100.09031231356258
6.343300204820623 100.13346796659935
6.392710327757202 100.13618744877468
7.654570270755865 99.81609898450222
6.915991800678774 100.14582373251922
5.6595460201508105 99.99102429431201
6.845370432806907 99.84202403146944
6.583092606494547 99.85399522319706
5.9715998930464895 100.10934522044624
7.134773105958335 100.15735446903716
7.473535402827979 100.17408494829559
5.767339898936523 99.90757269781277
5.743554481253548 100.09014927505049
5.707560333191827 100.03140705237658
5.6114610613992735 99.92359506338526
5.380454063838592 100.04086226711962
5.31492256119691 100.0211677788592
5.837081775808998 100.05768502000073
6.563374035526024 99.85516841149351
5.652402748768849 99.99988351905077
5.396547377928569 100.04421840252361
5.397775590117072 100.04423414699181
7.5241390651687725 100.17747972915852
7.407240196401627 100.17757709926622
6.865883449767317 99.84158287415501
7.55758845650585 99.81894568351645
5.320980875396197 100.02252811419397
5.662372351949688 100.01578225383805
6.953032820701277 99.85160632876894
5.307656925404953 99.9847067400162
5.648195603713562 100.0018253954091
6.169679107193619 99.87759144931698
7.415045449019587 100.17218808478023
6.24561625442644 100.10245612748936
6.211832042603314 99.9003420693557
5.691553259708955 99.97150233261516
5.302192297853367 100.00982099995313
5.659759953535435 100.01556268221903
6.038177051711786 99.91646242608164
7.355654623166829 99.83073575740379
5.311012627151666 99.9843714882365
6.6692987917470665 99.86755052096404
5.44393769194879 100.0518266866761
5.771538550734934 99.90813299875808
5.326697561733458 100.02289101063084
5.734913678602965 99.95948470158272
7.133817337508622 100.16810758507411
6.399725196199115 99.88537521482033
5.481581231100881 100.05787452936511
6.741414977378153 100.13699314779524
5.948823140918693 99.89336805030786
7.4344935787297 99.82617517154141
6.94496190855928 99.83895637684205
6.022924500855096 99.91774827755567
6.654264699676371 99.85154597405469
5.683858041050481 99.97276641727551
7.260252949335437 99.83518426044516
6.827491578058237 99.84387512769169
6.96105454757481 100.16145099289855
7.367186626747916 100.1708370583287
5.986074074151754 100.10917921686573
5.70722140109992 99.96541023872979
6.321079384174112 99.89096061949061
7.302692543050199 100.16755524616505
5.812095690521715 100.05567692602327
7.330287994272842 99.83122065714943
7.118690142356881 100.16715658396232
7.4067390827406685 100.17428270914054
6.649732327152208 99.85201826039494
7.158896264930159 100.16020984942969
7.305489824411664 99.82678067033608
7.189445518458061 100.1618889892808
5.828051505113502 100.05846228309822
5.359259697437467 100.03183893784147
6.734770362879575 99.84827788985092
5.943012553343507 99.92606611167736
7.007856211858331 99.83707240607407
6.6132036089536355 99.87032617354376
6.540475893716546 100.12508418008456
6.388673909814416 99.86556297722818
7.063171776186222 100.16470163527976
6.334763398156513 100.11061664524203
7.003109500741339 99.83738258471462
5.701008866235953 99.91594905593524
6.213074764573108 100.10092339019134
5.317467081211513 99.9865184682855
6.469878077213508 99.87954546055443
6.583811959101926 99.85564766622747
5.478951835825805 99.94413096087571
7.187992670570995 99.8311534806679
7.287002177232588 100.168205003408
7.026516483732303 100.15397320748598
5.335603510769109 100.02193993915218
7.030180074682135 99.83669155601481
5.326115637124376 100.01699378355517
7.132665784411353 99.84034311703988
6.1235819418513415 99.90659686512782
7.173247129390463 99.83807064580193
5.706322997702616 100.03696911618347
5.950427834843123 100.07572383916273
7.20723491332923 99.83106521603372
5.3497296554310285 99.97369650332719
5.518219488333345 100.0612087816487
7.253860922001088 99.8331667666224
6.463881745592194 100.12056188675714
5.971911162666723 99.89292474444034
6.057067563424773 99.91271513071686
7.248078526963944 100.16725423899726
5.988058280402346 100.08016039194197
7.268241331852129 99.83197071233987
6.461017382300493 100.12041858857677
6.790100999744146 100.15322437060179
5.630386828824486 100.00371838692473
5.697010208714435 100.03518546373785
5.775797419508809 100.05166400780462
5.720279122416085 99.95906948925028
6.686769936001917 100.1352569951261
5.7815769854392975 99.90905012917457
7.084388158602366 99.83551345747287
5.320396559718898 99.99072771800606
6.699999333395796 99.86389665804383
6.177945863275322 99.87900034507707
5.884766204912772 99.90023842834778
7.202226543387715 99.83478028893998
5.633020457343901 100.0118307232753
7.039046714524269 99.84433469165151
5.4191586256987385 100.04304822123407
5.487489671343489 100.0555084122449
5.733695644056629 100.04481205904295
6.785638090162617 100.1523869616912
7.117820394578353 99.8395723518131
5.361623939242438 99.97219806297406
6.074911461803933 100.11379476270666
6.397990630566982 100.11664615753389
5.636510282051658 99.98390486212234
5.798260558357859 99.94340253802135
5.693504349927755 99.91841097842507
5.477018840675318 99.94670285456667
6.430748733276905 99.86469415761687
6.219328247544687 99.89702272513932
5.407560024263675 100.03959911757403
5.62954699912091 100.01269141845826
6.856307659339801 100.14617373518666
7.050473960692323 100.16175209853579
6.021074119026729 100.08498137569936
6.490688529479481 100.13811093690265
6.612849005008839 99.86841548979262
5.463682219271 99.94966059138811
5.488003616106478 99.94550706434836
7.0706147372681185 100.16141957927839
6.3211196517989965 99.88855699162862
6.110456136586494 100.09388413421404
6.899181393947076 99.84363111007423
6.640509207717388 99.86655559018354
6.836079630543066 100.1454427594535
6.065690705870329 99.88737737914866
5.3936640594633145 99.96480901796015
6.007862864800962 100.08391594343897
6.145279129877535 100.09714545704495
7.058125320829797 100.16001740510391
6.244662069513693 100.10572840342252
5.981892452302391 99.89364348516307
6.47425771255733 100.13691856917033
7.00241827897455 100.15897984892479
6.8453710860578365 99.84615733515858
5.670941564196478 99.96765921293989
5.828597276156145 100.06265181298811
5.641674160285511 99.97699498405096
6.852939564120819 99.84606804774555
6.701436735172831 99.85234920343437
5.62360552459326 99.9858085318461
7.0265301226780625 99.84178222656953
6.588325165447015 100.14230862001737
6.421262935347185 99.8806349778434
6.072198063492316 100.11224674466662
6.907817751018306 99.8448822620005
6.92890257128025 100.15297847364319
6.869574566611437 99.85135521398175
6.736529261043844 99.85949105794697
6.480232583430476 99.86349861654745
6.285361053600411 99.87424307181715
5.79651982545016 99.91003877860814
6.936300108034807 99.84614714023327
5.3911467653562415 99.96844974269135
6.6261928359323115 100.14334232893025
5.701609920584023 99.91952560008957
6.599848828590116 99.86779145450099
6.441506246854912 99.87845790457227
5.836564886343411 99.9350378540582
5.834820362612831 99.93517662872367
6.213215387211723 99.87885344006408
6.736996930806236 100.14774199331038
6.779329394782939 99.8560644821802
6.8450953188828185 100.15127686895143
5.682752403895473 99.96162271959865
6.883467559075356 99.84763733075397
5.354147135599794 99.98437787467003
6.3493717052428345 99.87101705617738
6.312505238063175 100.12679511037402
6.251515895474366 100.12318777918347
6.695742535038366 100.13904028507234
6.754433158892218 100.14289514167656
6.250049159437252 99.89237945016747
6.86332440153081 99.84900952577948
5.516200380724492 100.0560708323421
6.585748546094723 100.1320021133736
6.797717174387033 99.85431939391505
5.476237313809367 99.95070373572256
6.540209891368395 99.87108094913937
6.120669144601338 100.1146090674609
5.369942065851698 99.9781483482082
5.36883868367145 100.02133636388277
6.638613610221556 100.14297895857672
6.209199842776773 100.12025893220155
5.7247615393868605 100.04822612067292
5.804109684928489 100.0897073797632
6.467521007186512 100.13478652255021
5.769066409626399 100.05607093021077
5.665435614696268 100.03530652676326
6.145763651958792 99.88382821326027
6.708911823035774 99.85413604235357
6.604124440441678 100.13375425731456
5.607291745256186 99.98622406024006
5.85792715340952 100.06911681987174
5.934483810244054 99.89923479217421
6.112488032344225 99.90356868387347
6.257434009448907 99.89116737055673
5.690745256668725 100.04195644909322
6.63696004473611 100.13629871004494
6.445640554825854 100.12317025476291
5.7353978491565725 100.05095519815922
6.056391736767781 99.90858096483889
6.060112267584914 100.0918363964907
5.603260579753492 99.986847332477
5.714089198433859 100.04725114331146
5.500211933246585 99.94786990083307
6.704577734002723 99.85883211563343
5.704832101261414 100.04552815030915
5.357812747400073 100.0112289624134
5.994878068156236 99.91440543259996
6.700737218179941 100.14281111755243
5.36068506371478 100.01243290685922
5.413381131941537 100.03328555504578
6.658212074666022 99.85775194937382
5.6387795553707045 100.03014980559152
5.974899666042819 100.10309638934362
6.639149083795189 100.14099802674846
6.159664640764395 100.11608269603629
5.612223894521302 99.9788507236497
5.461572538671321 100.04380055091718
6.325460505671671 99.87401029420496
5.40779744431701 99.96924349464531
5.61683165203765 100.02351872535519
6.274930253439281 99.87696109502453
5.60283163814791 99.93364072832131
6.620539497126382 100.13949279713695
5.446009908923496 99.95975689590682
6.592996807021787 100.1385197488132
5.549884157700444 99.94118360420104
6.4092892533102646 99.86968111640807
6.581850027722609 100.13464565026017
6.2728889166115005 99.87730131033558
6.255164509069984 100.1102164371109
6.565402556093788 100.13671544858467
5.721931151614406 99.9201712688484
5.5934677402083315 99.98595456389255
6.064497878960533 100.09372747333538
6.595807101460722 99.86273497060903
5.791544098467983 100.08659381821566
5.785026999098977 100.06131851430794
5.787145087742257 99.93839189996496
5.869809428895547 100.09362372767238
5.833495164268788 99.93182093856534
6.269048928568792 100.11176840056349
6.4790184414733165 100.1326245383817
5.413744520076639 100.03041136268686
6.521502810163298 100.13417063362235
6.518256011270453 100.1311377677728
5.88194172919451 100.07458184279668
6.3964805954793285 99.87823807557375
5.413841261889956 100.02991522684361
5.787271648522651 99.93786177713739
5.861200067309135 100.09249486795287
6.3396283975192365 99.87448291255535
5.381192686530764 100.01696585746399
5.440674229869429 100.03691225926484
5.57875025818667 99.99575723947017
6.499213671040263 100.13214029484323
5.580525753463281 99.99243949889235
5.8798830550887144 99.92518446866981
6.437496710685602 100.12969700400419
6.429976531272667 100.12527940667266
5.446688979801759 100.03781565820607
5.575839436657689 99.99848572553321
6.469526536881797 100.12916376203094
6.301975523032317 100.12281846671999
5.579263017868288 99.99112272659308
6.271140047666196 100.1128803771534
6.458752991107479 99.86977463680967
6.440396686625893 100.12906442436375
5.619150012861121 99.97086680661752
6.1956251297833616 100.11645496572064
6.2462373858836795 100.11937955919915
6.36300163101435 99.87959308484047
6.01249928968674 99.89594112548443
5.7720014489124 100.0609293657437
5.411669262956316 100.02690006095771
5.952258887997621 100.09923763949767
5.7269519639394515 99.94618662212892
5.943347926239576 99.90145626553006
5.8919589594271775 99.90571980269925
6.081336515441636 100.10862682717377
6.207294864225217 99.89190618160113
5.406490035617073 99.97537729902798
5.854293516324265 99.90903550020901
5.793225831454712 99.93560363131732
5.646734407941607 100.03792008892324
6.314196647561995 100.1172713945297
6.098777420251971 100.10961568498051
6.365180228639829 100.12212742786735
6.180165893994662 100.10619220281549
5.48316482577573 99.95594349791587
6.326080077528775 100.12269568822248
5.676865385568454 99.95468364395494
5.391008983567301 99.98364647374667
6.077119394752946 100.09712270894424
5.645975440996088 99.9613852246747
6.320075688571591 100.12186977121621
5.612381852224625 100.02947818959804
5.867384766191182 99.92516296812828
5.557692041742723 100.05650595737369
5.633329117981677 99.93293490460594
6.318222060877524 100.12125578920109
5.771389824215832 100.0824362279324
6.089532947261536 100.10829917933019
5.416065494520273 99.97417864200065
5.907366082763767 100.07995636030205
6.021458741666512 99.89643099302171
5.9177083206654695 100.09541768380784
5.589706266000213 100.02278204660507
5.41143421451392 100.02332294599621
5.865765651286152 100.0752866443951
5.568055679262005 100.05750963554664
5.866264335032694 99.90903519843899
5.863206080495028 100.07511243849841
5.475167757630669 100.0407419647165
5.84008959564361 100.08840710959203
5.563090714542351 100.00713663370372
6.2639191355088215 99.88447506551402
5.434731127812766 100.0302663299457
6.129706627152865 100.10322960069257
5.850721514055392 100.07382027580226
5.887119560240475 100.07832849180787
5.55892036193129 100.00389971431898
6.248765253524518 99.88433417994958
6.199949239199349 100.11344726310472
6.183244155620878 99.89136924116039
5.814666958783661 99.93047725147157
6.025920897820846 100.10273024923632
5.91730398652671 99.90553145350123
5.4128244445934754 99.97871007472304
5.5638672571748815 99.98757403182506
6.112094874797699 100.10254850294507
6.202248890436813 99.88810445340171
5.70979023815123 99.92544670352275
6.133385255199874 100.10481172085011
5.767948385970531 100.08057362001377
6.122281069667467 99.89133443284338
5.570510399997594 99.98217688928085
5.717738224325528 100.05581217101815
6.174920205681264 99.89021176123312
6.12928403698514 99.89516168321886
5.958611641201068 100.09697559348348
5.459210114351905 99.96546347000441
6.039783580669659 99.90367972696417
6.120175382109425 100.10684255508116
5.818915301582801 99.92870748784281
5.776400102290083 99.93442599197769
5.936872284446068 99.90510049171807
5.469598139877802 100.0364324401658
6.078581140576654 100.10099915965668
6.012714528728399 99.89953979262673
5.3954443520215305 100.00225280426602
5.856064312769104 100.0877853113539
6.056602484366087 100.09955714588087
6.072482489407208 100.10263550074521
5.879819631970089 99.91028274370787
5.551942891449102 99.94803376533788
6.062744370151273 100.10147349516423
6.050255073380444 99.9011235674169
5.554458776048146 100.01438272037575
5.998507528847592 100.09797655756056
5.493640292660912 100.0405205459114
6.0103937661844915 99.9010799005587
5.559607704635741 99.98204325514656
5.583429127286083 99.94352972294823
5.906562171788198 100.08361202478909
5.915497533290525 99.91521608978451
5.81647151716916 99.92737297781078
5.623389727725769 100.06168960456235
5.51785058837434 100.04483765543795
5.62432098731343 100.06165131795966
5.682817167414808 100.06903011977202
5.4287630913103495 100.02081939441199
5.686584485068169 99.94682044095323
5.411504067913085 100.01105349017442
5.750841196345293 100.07644092066577
5.684460312950346 100.06909181423009
5.904465353830241 100.08454673888349
5.89712160910948 99.91632818590243
5.672937113567818 99.94872435293661
5.40839523591371 100.00300890095693
5.5439762616253905 100.01315136642589
5.458011920511796 100.02944570890304
5.85133022888288 100.07857680510783
5.874706303465763 100.08635018699347
5.732884627052975 100.06237208136349
5.434291006395974 100.01959156928591
5.584402672400066 100.03220956358493
5.641357500580206 100.04636387556299
5.663869562695588 99.94914222958207
5.6043868155800824 100.0379271321815
5.741847298296837 99.93586334665804
5.576551380846509 99.96987983926651
5.812385864625881 100.08040504551245
5.512730991487952 100.04105779619402
5.649665663506535 100.0489465303308
5.8248787923511784 100.08056134850699
5.585312679445466 100.03390700762701
5.526999272830722 99.99667523301378
5.652232653925415 99.95035689643697
5.831430518166847 100.07936602353462
5.536173171924157 100.01413590122232
5.629572348087336 99.95499630884365
5.433079716258487 99.98415243266733
5.810478305306158 100.07665785925423
5.670905629126806 99.93502099763965
5.622816044960814 100.04398360462338
5.574657018669195 100.05138011111855
5.759243373471983 99.92592353860547
5.686781133767704 99.93352234850488
5.652830656889456 99.9493811797872
5.753702943495986 100.06886480753583
5.763997582250176 100.0720379821708
5.531519201713325 100.01566768014959
5.527713690456619 99.9866849210413
5.6372296732823735 100.05925722995651
5.569350748734584 100.04897761661829
5.690717895999833 99.93465411650568
5.55404205588109 100.04630739045238
5.452185617966183 100.02057898483653
5.663199477512601 100.0617799578273
5.475524032746882 100.02855956338723
5.63671171618905 99.94145049400946
5.499225413283585 100.03463256537086
5.528253444849079 99.98365065420597
5.669343952122359 99.94353546562705
5.665227670062555 100.05623767258166
5.5379720481239785 100.04227843086397
5.452906585837725 100.01871778232015
5.652249747453257 99.94109601023906
5.557267803242982 99.96828237695362
5.53145144763421 100.02204396272163
5.612123652223396 100.05273688462151
5.519322365374235 100.01580014263632
5.556219919150224 99.96808091214055
5.599452431700073 100.05058297765744
5.575957096940138 100.04681600815539
5.516982330337515 99.96469286453294
5.5958869728425125 100.04578712915504
5.519888062763875 100.03557673176057
5.588361209933372 100.04680283275442
5.467905228476191 99.9794606247585
5.482402972523332 100.02527908458438
5.502433773105082 100.00672615293983
5.576000322070783 99.9550929560648
5.553153638029588 99.96621743649187
5.568189968312084 99.95655847961572
5.50328102969379 100.00957416058672
5.573428232932751 100.04210985809343
5.510135035686073 100.03209432107039
5.461312862544999 100.01609100670572
5.55685260751255 100.04067629735354
5.563561751884682 99.96140333523397
5.543981368412589 100.03257324213583
5.517628563029492 99.97869281384602
5.508786642426201 99.9831435061148
5.522528690141776 100.03332614831852
5.505845465699607 100.02948221796986
5.460633445382631 99.98673670471332
5.523775430787096 99.96994122452708
5.49436259048307 99.98730702572499
5.46196749452757 99.99058129410724
5.484528120743788 99.99938088244033
5.48467096512096 100.0170780094131
5.48449323279139 99.99359926474246
5.4854510758609925 99.989352157512
