0 0.5
0.25 0.5
0.5 0.5
0.75 0.5
1 0.5
1.25 0.5
1.5 0.5
1.75 0.5
2 0.5
2.25 0.5
2.5 0.5
2.75 0.5
3 0.5
3.25 0.5
3.5 0.5
3.75 0.5
4 0.5
4.25 0.5
4.5 0.5
4.75 0.5
5 0.5
5.25 0.5
5.5 0.5
5.75 0.5
6 0.5
6.25 0.5
6.5 0.5
6.75 0.5
7 0.5
7.25 0.5
7.5 0.5
7.75 0.5
8 0.5
8.25 0.5
8.5 0.5
8.75 0.5
9 0.5
9.25 0.5
9.5 0.5
9.75 0.5
10 0.5
10.25 0.5
10.5 0.5
10.75 0.5
11 0.5
11.25 0.5
11.5 0.5
11.75 0.5
12 0.5
12.25 0.5
12.5 0.5
12.75 0.5
13 0.5
13.25 0.5
13.5 0.5
13.75 0.5
14 0.5
14.25 0.5
14.5 0.5
14.75 0.5
15 0.5
15.25 0.5
15.5 0.5
15.75 0.5
16 9.26748e-43
16.25 1.04747e-42
16.5 1.18045e-42
16.75 1.33036e-42
17 1.49051e-42
17.25 1.66022e-42
17.5 1.83122e-42
17.75 2.00084e-42
18 2.15547e-42
18.25 2.28849e-42
18.5 2.39356e-42
18.75 2.45269e-42
19 2.44535e-42
19.25 2.39282e-42
19.5 2.28182e-42
19.75 2.12816e-42
20 1.93233e-42
20.25 1.70708e-42
20.5 1.47074e-42
20.75 1.23445e-42
21 1.01493e-42
21.25 8.19849e-43
21.5 6.52361e-43
21.75 5.12655e-43
22 3.98033e-43
22.25 3.05987e-43
22.5 2.33711e-43
22.75 1.77356e-43
23 1.34209e-43
23.25 1.01404e-43
23.5 7.64571e-44
23.75 5.78266e-44
24 4.40789e-44
24.25 3.41137e-44
24.5 2.66564e-44
24.75 2.10922e-44
25 1.68898e-44
25.25 1.3655e-44
25.5 1.11565e-44
25.75 9.19779e-45
26 7.65849e-45
26.25 6.44644e-45
26.5 5.48149e-45
26.75 4.7279e-45
27 4.217e-45
27.25 4.09476e-45
27.5 5.16914e-45
27.75 3.40131e-44
28 3.51544e-45
28.25 2.50852e-45
28.5 2.05677e-45
28.75 1.79307e-45
29 1.61063e-45
29.25 1.46725e-45
29.5 1.34957e-45
29.75 1.25193e-45
30 1.16867e-45
30.25 1.09765e-45
30.5 1.03512e-45
30.75 9.81661e-46
31 9.36429e-46
31.25 8.95352e-46
31.5 8.60138e-46
31.75 8.29921e-46
32 8.03568e-46
32.25 7.80112e-46
32.5 7.59685e-46
32.75 7.4156e-46
33 7.25099e-46
33.25 7.11513e-46
33.5 7.00176e-46
33.75 6.90605e-46
34 6.81298e-46
34.25 6.74436e-46
34.5 6.71292e-46
34.75 6.74402e-46
35 6.84937e-46
35.25 7.02709e-46
35.5 7.20807e-46
35.75 7.28457e-46
36 7.24106e-46
36.25 7.14728e-46
36.5 7.06017e-46
36.75 6.97288e-46
37 6.86648e-46
37.25 6.69812e-46
37.5 6.40794e-46
37.75 6.10095e-46
38 5.82439e-46
38.25 5.62331e-46
38.5 5.46256e-46
38.75 5.33215e-46
39 5.22619e-46
39.25 5.13259e-46
39.5 5.04222e-46
39.75 4.95345e-46
40 4.86631e-46
40.25 4.78009e-46
40.5 4.69189e-46
40.75 4.6054e-46
41 4.51588e-46
41.25 4.42799e-46
41.5 4.34239e-46
41.75 4.25652e-46
42 4.17355e-46
42.25 4.09088e-46
42.5 4.00787e-46
42.75 3.92399e-46
43 3.8408e-46
43.25 3.75858e-46
43.5 3.67608e-46
43.75 3.59513e-46
44 3.51425e-46
44.25 3.43558e-46
44.5 3.35747e-46
44.75 3.28106e-46
45 3.20526e-46
45.25 3.1315e-46
45.5 3.05685e-46
45.75 2.98428e-46
46 2.91251e-46
46.25 2.84269e-46
46.5 2.77425e-46
46.75 2.70599e-46
47 2.64011e-46
47.25 2.5759e-46
47.5 2.51173e-46
47.75 2.45008e-46
48 2.38886e-46
48.25 2.32986e-46
48.5 2.27236e-46
48.75 2.21765e-46
49 2.16454e-46
49.25 2.11128e-46
49.5 2.05935e-46
49.75 2.00857e-46
50 1.95757e-46
50.25 1.90739e-46
50.5 1.85878e-46
50.75 1.81137e-46
51 1.76498e-46
51.25 1.71846e-46
51.5 1.67415e-46
51.75 1.63078e-46
52 1.58864e-46
52.25 1.54805e-46
52.5 1.50863e-46
52.75 1.47055e-46
53 1.43383e-46
53.25 1.39813e-46
53.5 1.36379e-46
53.75 1.32999e-46
54 1.29745e-46
54.25 1.26589e-46
54.5 1.23499e-46
54.75 1.20522e-46
55 1.17648e-46
55.25 1.14839e-46
55.5 1.1211e-46
55.75 1.09476e-46
56 1.06928e-46
56.25 1.04471e-46
56.5 1.02061e-46
56.75 9.97215e-47
57 9.74828e-47
57.25 9.53207e-47
57.5 9.32568e-47
57.75 9.12434e-47
58 8.9313e-47
58.25 8.74099e-47
58.5 8.55894e-47
58.75 8.38409e-47
59 8.21585e-47
59.25 8.05011e-47
59.5 7.89039e-47
59.75 7.73619e-47
60 7.58506e-47
60.25 7.44123e-47
60.5 7.30109e-47
60.75 7.16555e-47
61 7.03604e-47
61.25 6.90992e-47
61.5 6.78687e-47
61.75 6.66797e-47
62 6.55392e-47
62.25 6.44444e-47
62.5 6.33732e-47
62.75 6.23416e-47
63 6.13515e-47
63.25 6.04079e-47
63.5 5.94953e-47
63.75 5.85984e-47
64 5.7713e-47
64.25 5.6878e-47
64.5 5.60533e-47
64.75 5.52643e-47
65 5.45058e-47
65.25 5.37572e-47
65.5 5.3036e-47
65.75 5.23362e-47
66 5.16627e-47
66.25 5.1002e-47
66.5 5.03736e-47
66.75 4.97585e-47
67 4.9163e-47
67.25 4.85807e-47
67.5 4.80106e-47
67.75 4.74632e-47
68 4.69266e-47
68.25 4.64073e-47
68.5 4.59063e-47
68.75 4.54232e-47
69 4.4955e-47
69.25 4.44992e-47
69.5 4.40541e-47
69.75 4.36209e-47
70 4.32049e-47
70.25 4.28014e-47
70.5 4.24194e-47
70.75 4.20437e-47
71 4.16778e-47
71.25 4.13307e-47
71.5 4.09888e-47
71.75 4.06588e-47
72 4.03403e-47
72.25 4.00314e-47
72.5 3.97314e-47
72.75 3.94415e-47
73 3.91616e-47
73.25 3.88925e-47
73.5 3.86381e-47
73.75 3.83869e-47
74 3.81452e-47
74.25 3.79047e-47
74.5 3.76792e-47
74.75 3.74588e-47
75 3.72476e-47
75.25 3.70393e-47
75.5 3.68437e-47
75.75 3.66531e-47
76 3.64684e-47
76.25 3.62947e-47
76.5 3.61265e-47
76.75 3.59665e-47
77 3.58178e-47
77.25 3.56651e-47
77.5 3.55232e-47
77.75 3.53932e-47
78 3.52568e-47
78.25 3.5133e-47
78.5 3.5016e-47
78.75 3.49092e-47
79 3.4803e-47
79.25 3.471e-47
79.5 3.46077e-47
79.75 3.4518e-47
80 3.44284e-47
80.25 3.43392e-47
80.5 3.42508e-47
80.75 3.41699e-47
81 3.40839e-47
81.25 3.40076e-47
81.5 3.39356e-47
81.75 3.38644e-47
82 3.38002e-47
82.25 3.37405e-47
82.5 3.36776e-47
82.75 3.36202e-47
83 3.35582e-47
83.25 3.34953e-47
83.5 3.34361e-47
83.75 3.33741e-47
84 3.33206e-47
84.25 3.32657e-47
84.5 3.32128e-47
84.75 3.31568e-47
85 3.31068e-47
85.25 3.3059e-47
85.5 3.30148e-47
85.75 3.29709e-47
86 3.29309e-47
86.25 3.28907e-47
86.5 3.28521e-47
86.75 3.28123e-47
87 3.2773e-47
87.25 3.2737e-47
87.5 3.27063e-47
87.75 3.26732e-47
88 3.26414e-47
88.25 3.26116e-47
88.5 3.25803e-47
88.75 3.25522e-47
89 3.25273e-47
89.25 3.25025e-47
89.5 3.24762e-47
89.75 3.24516e-47
90 3.24285e-47
90.25 3.24059e-47
90.5 3.23828e-47
90.75 3.23597e-47
91 3.23396e-47
91.25 3.23121e-47
91.5 3.22922e-47
91.75 3.22775e-47
92 3.22625e-47
92.25 3.22446e-47
92.5 3.22247e-47
92.75 3.22096e-47
93 3.2192e-47
93.25 3.21757e-47
93.5 3.21549e-47
93.75 3.21368e-47
94 3.21173e-47
94.25 3.2098e-47
94.5 3.20794e-47
94.75 3.20623e-47
95 3.2042e-47
95.25 3.20182e-47
95.5 3.19982e-47
95.75 3.19778e-47
96 3.19579e-47
96.25 3.19382e-47
96.5 3.19162e-47
96.75 3.1898e-47
97 3.18777e-47
97.25 3.18616e-47
97.5 3.18436e-47
97.75 3.18231e-47
98 3.18058e-47
98.25 3.17889e-47
98.5 3.17708e-47
98.75 3.17527e-47
99 3.17322e-47
99.25 3.17134e-47
99.5 3.16953e-47
99.75 3.16737e-47
100 3.1657e-47
100.25 3.16397e-47
100.5 3.16218e-47
100.75 3.16006e-47
101 3.15819e-47
101.25 3.15647e-47
101.5 3.15441e-47
101.75 3.15244e-47
102 3.1508e-47
102.25 3.14913e-47
102.5 3.14717e-47
102.75 3.14526e-47
103 3.1431e-47
103.25 3.1411e-47
103.5 3.13904e-47
103.75 3.13705e-47
104 3.13544e-47
104.25 3.13317e-47
104.5 3.13131e-47
104.75 3.12917e-47
105 3.12716e-47
105.25 3.12545e-47
105.5 3.12357e-47
105.75 3.12149e-47
106 3.11939e-47
106.25 3.11745e-47
106.5 3.11543e-47
106.75 3.11331e-47
107 3.11133e-47
107.25 3.10929e-47
107.5 3.10699e-47
107.75 3.10518e-47
108 3.10325e-47
108.25 3.10131e-47
108.5 3.09944e-47
108.75 3.09753e-47
109 3.09584e-47
109.25 3.094e-47
109.5 3.09227e-47
109.75 3.09072e-47
110 3.08888e-47
110.25 3.08711e-47
110.5 3.08536e-47
110.75 3.08342e-47
111 3.08146e-47
111.25 3.07957e-47
111.5 3.07775e-47
111.75 3.0761e-47
112 3.07435e-47
112.25 3.07272e-47
112.5 3.07112e-47
112.75 3.06962e-47
113 3.06785e-47
113.25 3.06632e-47
113.5 3.0646e-47
113.75 3.06297e-47
114 3.06132e-47
114.25 3.0596e-47
114.5 3.05792e-47
114.75 3.05624e-47
115 3.05463e-47
115.25 3.05302e-47
115.5 3.05151e-47
115.75 3.0497e-47
116 3.04804e-47
116.25 3.04656e-47
116.5 3.04499e-47
116.75 3.04301e-47
117 3.04167e-47
117.25 3.0398e-47
117.5 3.03802e-47
117.75 3.03654e-47
118 3.03475e-47
118.25 3.0328e-47
118.5 3.03118e-47
118.75 3.02955e-47
119 3.02791e-47
119.25 3.02626e-47
119.5 3.02476e-47
119.75 3.02303e-47
120 3.02177e-47
120.25 3.0204e-47
120.5 3.01877e-47
120.75 3.017e-47
121 3.01553e-47
121.25 3.01401e-47
121.5 3.01253e-47
121.75 3.01099e-47
122 3.00953e-47
122.25 3.00798e-47
122.5 3.00628e-47
122.75 3.00502e-47
123 3.00356e-47
123.25 3.00186e-47
123.5 3.00018e-47
123.75 2.99864e-47
124 2.99704e-47
124.25 2.99558e-47
124.5 2.99411e-47
124.75 2.99252e-47
125 2.99112e-47
125.25 2.9898e-47
125.5 2.98804e-47
125.75 2.98663e-47
126 2.98533e-47
126.25 2.98394e-47
126.5 2.98254e-47
126.75 2.98112e-47
127 2.97991e-47
127.25 2.9784e-47
127.5 2.97701e-47
127.75 2.97553e-47
128 2.97404e-47
128.25 2.97267e-47
128.5 2.97125e-47
128.75 2.96969e-47
129 2.96821e-47
129.25 2.96672e-47
129.5 2.96547e-47
129.75 2.96393e-47
130 2.96249e-47
130.25 2.96107e-47
130.5 2.95946e-47
130.75 2.95796e-47
131 2.95665e-47
131.25 2.95525e-47
131.5 2.95396e-47
131.75 2.95247e-47
132 2.95107e-47
132.25 2.9497e-47
132.5 2.9481e-47
132.75 2.94666e-47
133 2.94529e-47
133.25 2.9439e-47
133.5 2.94231e-47
133.75 2.94084e-47
134 2.93946e-47
134.25 2.93801e-47
134.5 2.93654e-47
134.75 2.93505e-47
135 2.93374e-47
135.25 2.93246e-47
135.5 2.9311e-47
135.75 2.92984e-47
136 2.92847e-47
136.25 2.92722e-47
136.5 2.92592e-47
136.75 2.92471e-47
137 2.92356e-47
137.25 2.92233e-47
137.5 2.92113e-47
137.75 2.91987e-47
138 2.91849e-47
138.25 2.91722e-47
138.5 2.91585e-47
138.75 2.91465e-47
139 2.91361e-47
139.25 2.91257e-47
139.5 2.91141e-47
139.75 2.91001e-47
140 2.90866e-47
140.25 2.90737e-47
140.5 2.90633e-47
140.75 2.90518e-47
141 2.90405e-47
141.25 2.90268e-47
141.5 2.90144e-47
141.75 2.90018e-47
142 2.89883e-47
142.25 2.8975e-47
142.5 2.89637e-47
142.75 2.89517e-47
143 2.89402e-47
143.25 2.89293e-47
143.5 2.89163e-47
143.75 2.89029e-47
144 2.88915e-47
144.25 2.88799e-47
144.5 2.88701e-47
144.75 2.88583e-47
145 2.8846e-47
145.25 2.88358e-47
145.5 2.88249e-47
145.75 2.88133e-47
146 2.88008e-47
146.25 2.87895e-47
146.5 2.87758e-47
146.75 2.8764e-47
147 2.87523e-47
147.25 2.87428e-47
147.5 2.87294e-47
147.75 2.87187e-47
148 2.87051e-47
148.25 2.86942e-47
148.5 2.86824e-47
148.75 2.86724e-47
149 2.86618e-47
149.25 2.86498e-47
149.5 2.86379e-47
149.75 2.86267e-47
150 2.86142e-47
150.25 2.86014e-47
150.5 2.85906e-47
150.75 2.85807e-47
151 2.8571e-47
151.25 2.85611e-47
151.5 2.85489e-47
151.75 2.85386e-47
152 2.85272e-47
152.25 2.85168e-47
152.5 2.85058e-47
152.75 2.8495e-47
153 2.84829e-47
153.25 2.84721e-47
153.5 2.84618e-47
153.75 2.84525e-47
154 2.84418e-47
154.25 2.84317e-47
154.5 2.84213e-47
154.75 2.84122e-47
155 2.84023e-47
155.25 2.83912e-47
155.5 2.83806e-47
155.75 2.83685e-47
156 2.83581e-47
156.25 2.83467e-47
156.5 2.83348e-47
156.75 2.83235e-47
157 2.83131e-47
157.25 2.83023e-47
157.5 2.82925e-47
157.75 2.82825e-47
158 2.82725e-47
158.25 2.82647e-47
158.5 2.82559e-47
158.75 2.82452e-47
159 2.8235e-47
159.25 2.82246e-47
159.5 2.82154e-47
159.75 2.82059e-47
160 2.81952e-47
160.25 2.81853e-47
160.5 2.81761e-47
160.75 2.81671e-47
161 2.81583e-47
161.25 2.81483e-47
161.5 2.81386e-47
161.75 2.81287e-47
162 2.81187e-47
162.25 2.81098e-47
162.5 2.81002e-47
162.75 2.80918e-47
163 2.80813e-47
163.25 2.80709e-47
163.5 2.80602e-47
163.75 2.80514e-47
164 2.80415e-47
164.25 2.80326e-47
164.5 2.80237e-47
164.75 2.8014e-47
165 2.80052e-47
165.25 2.79957e-47
165.5 2.79867e-47
165.75 2.79777e-47
166 2.79682e-47
166.25 2.79593e-47
166.5 2.79509e-47
166.75 2.79417e-47
167 2.79336e-47
167.25 2.79244e-47
167.5 2.79166e-47
167.75 2.79082e-47
168 2.78997e-47
168.25 2.78917e-47
168.5 2.78822e-47
168.75 2.78729e-47
169 2.78644e-47
169.25 2.78566e-47
169.5 2.7848e-47
169.75 2.78384e-47
170 2.78301e-47
170.25 2.7821e-47
170.5 2.78111e-47
170.75 2.78027e-47
171 2.7794e-47
171.25 2.77855e-47
171.5 2.77772e-47
171.75 2.7769e-47
172 2.77604e-47
172.25 2.77513e-47
172.5 2.77437e-47
172.75 2.77358e-47
173 2.77269e-47
173.25 2.77188e-47
173.5 2.77105e-47
173.75 2.77011e-47
174 2.76931e-47
174.25 2.76845e-47
174.5 2.76753e-47
174.75 2.76662e-47
175 2.76585e-47
175.25 2.76515e-47
175.5 2.76438e-47
175.75 2.76364e-47
176 2.76271e-47
176.25 2.76192e-47
176.5 2.76111e-47
176.75 2.76022e-47
177 2.75957e-47
177.25 2.75879e-47
177.5 2.75804e-47
177.75 2.75712e-47
178 2.75638e-47
178.25 2.75562e-47
178.5 2.75478e-47
178.75 2.75413e-47
179 2.75342e-47
179.25 2.75254e-47
179.5 2.75175e-47
179.75 2.75104e-47
180 2.75026e-47
180.25 2.74946e-47
180.5 2.74861e-47
180.75 2.74792e-47
181 2.74716e-47
181.25 2.74652e-47
181.5 2.74594e-47
181.75 2.74518e-47
182 2.74453e-47
182.25 2.74401e-47
182.5 2.74337e-47
182.75 2.74272e-47
183 2.74191e-47
183.25 2.74114e-47
183.5 2.74037e-47
183.75 2.73973e-47
184 2.73911e-47
184.25 2.7384e-47
184.5 2.73767e-47
184.75 2.73699e-47
185 2.7364e-47
185.25 2.73567e-47
185.5 2.73498e-47
185.75 2.73434e-47
186 2.73369e-47
186.25 2.73309e-47
186.5 2.7325e-47
186.75 2.73194e-47
187 2.73135e-47
187.25 2.73082e-47
187.5 2.73034e-47
187.75 2.72966e-47
188 2.729e-47
188.25 2.72855e-47
188.5 2.72788e-47
188.75 2.7272e-47
189 2.72648e-47
189.25 2.72603e-47
189.5 2.72542e-47
189.75 2.72467e-47
190 2.72413e-47
190.25 2.72355e-47
190.5 2.72301e-47
190.75 2.72239e-47
191 2.72185e-47
191.25 2.72127e-47
191.5 2.72079e-47
191.75 2.7202e-47
192 2.71963e-47
192.25 2.71904e-47
192.5 2.71847e-47
192.75 2.71787e-47
193 2.71728e-47
193.25 2.71677e-47
193.5 2.7162e-47
193.75 2.71565e-47
194 2.71524e-47
194.25 2.71458e-47
194.5 2.71404e-47
194.75 2.71349e-47
195 2.71285e-47
195.25 2.71255e-47
195.5 2.71219e-47
195.75 2.71158e-47
196 2.71103e-47
196.25 2.71053e-47
196.5 2.70996e-47
196.75 2.70938e-47
197 2.70898e-47
197.25 2.70841e-47
197.5 2.70798e-47
197.75 2.70735e-47
198 2.70682e-47
198.25 2.70642e-47
198.5 2.7059e-47
198.75 2.70553e-47
199 2.70492e-47
199.25 2.70454e-47
199.5 2.70399e-47
199.75 2.70339e-47
200 2.70285e-47
200.25 2.7024e-47
200.5 2.70186e-47
200.75 2.70135e-47
201 2.70086e-47
201.25 2.70028e-47
201.5 2.69997e-47
201.75 2.69946e-47
202 2.699e-47
202.25 2.6985e-47
202.5 2.69807e-47
202.75 2.69765e-47
203 2.69717e-47
203.25 2.69667e-47
203.5 2.69623e-47
203.75 2.69583e-47
204 2.69541e-47
204.25 2.69494e-47
204.5 2.6945e-47
204.75 2.69408e-47
205 2.6938e-47
205.25 2.69344e-47
205.5 2.69308e-47
205.75 2.69264e-47
206 2.69221e-47
206.25 2.6918e-47
206.5 2.69134e-47
206.75 2.6908e-47
207 2.69023e-47
207.25 2.68975e-47
207.5 2.68925e-47
207.75 2.6888e-47
208 2.68831e-47
208.25 2.68787e-47
208.5 2.68747e-47
208.75 2.6872e-47
209 2.68684e-47
209.25 2.68641e-47
209.5 2.68606e-47
209.75 2.68598e-47
210 2.68561e-47
210.25 2.68523e-47
210.5 2.68485e-47
210.75 2.6845e-47
211 2.68411e-47
211.25 2.68379e-47
211.5 2.68341e-47
211.75 2.68304e-47
212 2.68275e-47
212.25 2.68246e-47
212.5 2.68214e-47
212.75 2.6819e-47
213 2.6816e-47
213.25 2.68122e-47
213.5 2.68104e-47
213.75 2.68058e-47
214 2.68016e-47
214.25 2.67982e-47
214.5 2.67943e-47
214.75 2.67915e-47
215 2.67874e-47
215.25 2.67843e-47
215.5 2.67812e-47
215.75 2.67795e-47
216 2.67751e-47
216.25 2.67706e-47
216.5 2.67679e-47
216.75 2.67643e-47
217 2.67599e-47
217.25 2.67562e-47
217.5 2.67542e-47
217.75 2.67516e-47
218 2.67481e-47
218.25 2.67456e-47
218.5 2.67412e-47
218.75 2.67395e-47
219 2.67365e-47
219.25 2.67342e-47
219.5 2.67317e-47
219.75 2.67288e-47
220 2.67273e-47
220.25 2.67251e-47
220.5 2.6723e-47
220.75 2.6721e-47
221 2.67183e-47
221.25 2.67151e-47
221.5 2.67115e-47
221.75 2.67083e-47
222 2.67053e-47
222.25 2.67028e-47
222.5 2.66996e-47
222.75 2.66964e-47
223 2.66934e-47
223.25 2.66904e-47
223.5 2.66881e-47
223.75 2.66848e-47
224 2.66826e-47
224.25 2.66804e-47
224.5 2.66788e-47
224.75 2.66755e-47
225 2.6673e-47
225.25 2.66706e-47
225.5 2.66686e-47
225.75 2.66651e-47
226 2.66629e-47
226.25 2.66602e-47
226.5 2.66573e-47
226.75 2.66557e-47
227 2.66529e-47
227.25 2.66507e-47
227.5 2.6649e-47
227.75 2.66475e-47
228 2.66447e-47
228.25 2.66433e-47
228.5 2.66391e-47
228.75 2.66361e-47
229 2.66339e-47
229.25 2.66314e-47
229.5 2.66298e-47
229.75 2.6628e-47
230 2.66274e-47
230.25 2.66254e-47
230.5 2.66239e-47
230.75 2.66226e-47
231 2.66194e-47
231.25 2.66165e-47
231.5 2.66154e-47
231.75 2.66136e-47
232 2.66119e-47
232.25 2.66109e-47
232.5 2.66084e-47
232.75 2.66064e-47
233 2.66041e-47
233.25 2.66017e-47
233.5 2.65994e-47
233.75 2.65986e-47
234 2.65963e-47
234.25 2.65944e-47
234.5 2.65926e-47
234.75 2.65903e-47
235 2.65881e-47
235.25 2.65851e-47
235.5 2.65831e-47
235.75 2.65804e-47
236 2.65785e-47
236.25 2.65771e-47
236.5 2.65755e-47
236.75 2.65748e-47
237 2.65725e-47
237.25 2.65714e-47
237.5 2.65703e-47
237.75 2.65693e-47
238 2.6567e-47
238.25 2.65652e-47
238.5 2.65631e-47
238.75 2.65619e-47
239 2.65607e-47
239.25 2.65595e-47
239.5 2.65569e-47
239.75 2.65548e-47
240 2.65536e-47
240.25 2.65524e-47
240.5 2.65509e-47
240.75 2.65482e-47
241 2.65465e-47
241.25 2.65457e-47
241.5 2.65449e-47
241.75 2.65445e-47
242 2.65425e-47
242.25 2.65412e-47
242.5 2.65394e-47
242.75 2.65387e-47
243 2.65374e-47
243.25 2.65364e-47
243.5 2.65351e-47
243.75 2.65348e-47
244 2.65343e-47
244.25 2.65329e-47
244.5 2.65316e-47
244.75 2.65314e-47
245 2.65307e-47
245.25 2.65307e-47
245.5 2.65293e-47
245.75 2.65277e-47
246 2.65264e-47
246.25 2.65261e-47
246.5 2.65265e-47
246.75 2.65272e-47
247 2.65263e-47
247.25 2.65258e-47
247.5 2.65253e-47
247.75 2.65256e-47
248 2.65251e-47
248.25 2.6525e-47
248.5 2.65246e-47
248.75 2.65244e-47
249 2.65222e-47
249.25 2.65214e-47
249.5 2.65209e-47
249.75 2.65203e-47
250 2.65181e-47
250.25 2.65187e-47
250.5 2.65172e-47
250.75 2.65167e-47
251 2.65155e-47
251.25 2.65154e-47
251.5 2.6514e-47
251.75 2.65123e-47
252 2.6512e-47
252.25 2.65106e-47
252.5 2.65094e-47
252.75 2.65099e-47
253 2.65101e-47
253.25 2.65104e-47
253.5 2.65092e-47
253.75 2.65068e-47
254 2.65078e-47
254.25 2.65071e-47
254.5 2.65071e-47
254.75 2.6507e-47
255 2.65059e-47
255.25 2.65065e-47
255.5 2.65063e-47
255.75 2.65059e-47
256 2.65059e-47
256.25 2.65058e-47
256.5 2.65069e-47
256.75 2.6507e-47
257 2.65069e-47
257.25 2.6507e-47
257.5 2.65064e-47
257.75 2.65068e-47
258 2.65074e-47
258.25 2.65062e-47
258.5 2.65066e-47
258.75 2.65079e-47
259 2.65077e-47
259.25 2.65074e-47
259.5 2.65077e-47
259.75 2.65093e-47
260 2.65098e-47
260.25 2.65111e-47
260.5 2.65111e-47
260.75 2.65119e-47
261 2.65125e-47
261.25 2.6512e-47
261.5 2.65117e-47
261.75 2.65124e-47
262 2.65128e-47
262.25 2.65122e-47
262.5 2.65134e-47
262.75 2.65148e-47
263 2.65179e-47
263.25 2.65168e-47
263.5 2.65173e-47
263.75 2.65188e-47
264 2.652e-47
264.25 2.65205e-47
264.5 2.65222e-47
264.75 2.65232e-47
265 2.65253e-47
265.25 2.6525e-47
265.5 2.65265e-47
265.75 2.65269e-47
266 2.6528e-47
266.25 2.6528e-47
266.5 2.65266e-47
266.75 2.65283e-47
267 2.65308e-47
267.25 2.65306e-47
267.5 2.65321e-47
267.75 2.65332e-47
268 2.6534e-47
268.25 2.65346e-47
268.5 2.65361e-47
268.75 2.6536e-47
269 2.65382e-47
269.25 2.6539e-47
269.5 2.65401e-47
269.75 2.65416e-47
270 2.65436e-47
270.25 2.65457e-47
270.5 2.65472e-47
270.75 2.65486e-47
271 2.655e-47
271.25 2.65519e-47
271.5 2.6554e-47
271.75 2.65547e-47
272 2.6556e-47
272.25 2.6557e-47
272.5 2.65595e-47
272.75 2.65599e-47
273 2.65614e-47
273.25 2.65625e-47
273.5 2.65647e-47
273.75 2.65676e-47
274 2.65701e-47
274.25 2.65724e-47
274.5 2.65744e-47
274.75 2.65771e-47
275 2.65782e-47
275.25 2.65805e-47
275.5 2.65825e-47
275.75 2.65858e-47
276 2.65885e-47
276.25 2.65926e-47
276.5 2.65956e-47
276.75 2.65983e-47
277 2.66017e-47
277.25 2.66035e-47
277.5 2.66054e-47
277.75 2.66074e-47
278 2.66099e-47
278.25 2.66113e-47
278.5 2.66129e-47
278.75 2.6615e-47
279 2.66173e-47
279.25 2.66193e-47
279.5 2.66203e-47
279.75 2.66242e-47
280 2.66261e-47
280.25 2.66293e-47
280.5 2.66334e-47
280.75 2.66376e-47
281 2.66411e-47
281.25 2.66443e-47
281.5 2.6648e-47
281.75 2.6653e-47
282 2.66568e-47
282.25 2.66612e-47
282.5 2.66666e-47
282.75 2.66703e-47
283 2.66748e-47
283.25 2.668e-47
283.5 2.66845e-47
283.75 2.669e-47
284 2.66954e-47
284.25 2.67003e-47
284.5 2.67051e-47
284.75 2.6711e-47
285 2.67172e-47
285.25 2.67225e-47
285.5 2.67282e-47
285.75 2.67347e-47
286 2.67435e-47
286.25 2.67512e-47
286.5 2.67597e-47
286.75 2.67683e-47
287 2.67773e-47
287.25 2.67864e-47
287.5 2.67956e-47
287.75 2.68051e-47
288 2.68165e-47
288.25 2.68301e-47
288.5 2.68436e-47
288.75 2.68581e-47
289 2.68723e-47
289.25 2.68889e-47
289.5 2.69062e-47
289.75 2.69259e-47
290 2.69456e-47
290.25 2.69702e-47
290.5 2.69971e-47
290.75 2.70257e-47
291 2.70569e-47
291.25 2.70909e-47
291.5 2.71316e-47
291.75 2.71775e-47
292 2.72263e-47
292.25 2.72797e-47
292.5 2.73424e-47
292.75 2.7411e-47
293 2.74889e-47
293.25 2.75814e-47
293.5 2.76866e-47
293.75 2.77822e-47
294 2.78824e-47
294.25 2.79992e-47
294.5 2.81344e-47
294.75 2.82862e-47
295 2.84583e-47
295.25 2.86745e-47
295.5 2.89197e-47
295.75 2.92122e-47
296 2.95756e-47
296.25 3.00129e-47
296.5 3.05528e-47
296.75 3.12521e-47
297 3.21623e-47
297.25 3.33547e-47
297.5 3.49842e-47
297.75 3.73317e-47
298 4.0891e-47
298.25 4.66809e-47
298.5 5.69554e-47
298.75 7.81459e-47
299 1.33219e-46
299.25 3.55436e-46
299.5 3.34731e-45
299.75 7.8163e-46
300 1.88307e-46
300.25 9.53109e-47
300.5 6.54054e-47
300.75 5.25114e-47
301 4.63064e-47
301.25 4.31943e-47
301.5 4.18223e-47
301.75 4.19114e-47
302 4.36272e-47
302.25 4.84311e-47
302.5 6.01304e-47
302.75 9.37815e-47
303 2.49142e-46
303.25 1.552e-45
303.5 3.07413e-46
303.75 9.92667e-47
304 5.96441e-47
304.25 4.5539e-47
304.5 3.90116e-47
304.75 3.54369e-47
305 3.33258e-47
305.25 3.19573e-47
305.5 3.1003e-47
305.75 3.03148e-47
306 2.97777e-47
306.25 2.93698e-47
306.5 2.90477e-47
306.75 2.87733e-47
307 2.85525e-47
307.25 2.83728e-47
307.5 2.82182e-47
307.75 2.80933e-47
308 2.79806e-47
308.25 2.78819e-47
308.5 2.78015e-47
308.75 2.77311e-47
309 2.76699e-47
309.25 2.76179e-47
309.5 2.75592e-47
309.75 2.75055e-47
310 2.74623e-47
310.25 2.74237e-47
310.5 2.73889e-47
310.75 2.73606e-47
311 2.73344e-47
311.25 2.73097e-47
311.5 2.72931e-47
311.75 2.72759e-47
312 2.72636e-47
312.25 2.72507e-47
312.5 2.72409e-47
312.75 2.72314e-47
313 2.72239e-47
313.25 2.72157e-47
313.5 2.72088e-47
313.75 2.72051e-47
314 2.72014e-47
314.25 2.71976e-47
314.5 2.71951e-47
314.75 2.7193e-47
315 2.7192e-47
315.25 2.71914e-47
315.5 2.71907e-47
315.75 2.71907e-47
316 2.71911e-47
316.25 2.71929e-47
316.5 2.71945e-47
316.75 2.71965e-47
317 2.71989e-47
317.25 2.72002e-47
317.5 2.72016e-47
317.75 2.72016e-47
318 2.72037e-47
318.25 2.72063e-47
318.5 2.72089e-47
318.75 2.72128e-47
319 2.72149e-47
319.25 2.72184e-47
319.5 2.72236e-47
319.75 2.72262e-47
320 2.72304e-47
320.25 2.7235e-47
320.5 2.72386e-47
320.75 2.72424e-47
321 2.72458e-47
321.25 2.72508e-47
321.5 2.72558e-47
321.75 2.72609e-47
322 2.72655e-47
322.25 2.72699e-47
322.5 2.72748e-47
322.75 2.72794e-47
323 2.7285e-47
323.25 2.72905e-47
323.5 2.72951e-47
323.75 2.7301e-47
324 2.73072e-47
324.25 2.73135e-47
324.5 2.7317e-47
324.75 2.73227e-47
325 2.73287e-47
325.25 2.73348e-47
325.5 2.73375e-47
325.75 2.73439e-47
326 2.73514e-47
326.25 2.7356e-47
326.5 2.73624e-47
326.75 2.73675e-47
327 2.73747e-47
327.25 2.73798e-47
327.5 2.73854e-47
327.75 2.73918e-47
328 2.73976e-47
328.25 2.74037e-47
328.5 2.74101e-47
328.75 2.74157e-47
329 2.74213e-47
329.25 2.7428e-47
329.5 2.74341e-47
329.75 2.74398e-47
330 2.74461e-47
330.25 2.74538e-47
330.5 2.74595e-47
330.75 2.74654e-47
331 2.74718e-47
331.25 2.74775e-47
331.5 2.74829e-47
331.75 2.74908e-47
332 2.74989e-47
332.25 2.75052e-47
332.5 2.75134e-47
332.75 2.75195e-47
333 2.75267e-47
333.25 2.75339e-47
333.5 2.75405e-47
333.75 2.75491e-47
334 2.75561e-47
334.25 2.75629e-47
334.5 2.7568e-47
334.75 2.75754e-47
335 2.75815e-47
335.25 2.75887e-47
335.5 2.75946e-47
335.75 2.76018e-47
336 2.76102e-47
336.25 2.76156e-47
336.5 2.7621e-47
336.75 2.76284e-47
337 2.76349e-47
337.25 2.76424e-47
337.5 2.76505e-47
337.75 2.76577e-47
338 2.76646e-47
338.25 2.76719e-47
338.5 2.76808e-47
338.75 2.76894e-47
339 2.76977e-47
339.25 2.77071e-47
339.5 2.77175e-47
339.75 2.77267e-47
340 2.77343e-47
340.25 2.77425e-47
340.5 2.77518e-47
340.75 2.77599e-47
341 2.77674e-47
341.25 2.77757e-47
341.5 2.77846e-47
341.75 2.77932e-47
342 2.78024e-47
342.25 2.78117e-47
342.5 2.78201e-47
342.75 2.78292e-47
343 2.78368e-47
343.25 2.7842e-47
343.5 2.78509e-47
343.75 2.78582e-47
344 2.7866e-47
344.25 2.78757e-47
344.5 2.78844e-47
344.75 2.78926e-47
345 2.79008e-47
345.25 2.79123e-47
345.5 2.79234e-47
345.75 2.79314e-47
346 2.79407e-47
346.25 2.79503e-47
346.5 2.79605e-47
346.75 2.79713e-47
347 2.79823e-47
347.25 2.79916e-47
347.5 2.80018e-47
347.75 2.80118e-47
348 2.80229e-47
348.25 2.80342e-47
348.5 2.80448e-47
348.75 2.80535e-47
349 2.80663e-47
349.25 2.80791e-47
349.5 2.80896e-47
349.75 2.80997e-47
350 2.81088e-47
350.25 2.81181e-47
350.5 2.81274e-47
350.75 2.81397e-47
351 2.81507e-47
351.25 2.81624e-47
351.5 2.81737e-47
351.75 2.81839e-47
352 2.81939e-47
352.25 2.82061e-47
352.5 2.8217e-47
352.75 2.82283e-47
353 2.82395e-47
353.25 2.82517e-47
353.5 2.82623e-47
353.75 2.8276e-47
354 2.82875e-47
354.25 2.83021e-47
354.5 2.83124e-47
354.75 2.83247e-47
355 2.83362e-47
355.25 2.83496e-47
355.5 2.83634e-47
355.75 2.83754e-47
356 2.83891e-47
356.25 2.84026e-47
356.5 2.84151e-47
356.75 2.84289e-47
357 2.84432e-47
357.25 2.84563e-47
357.5 2.84702e-47
357.75 2.84828e-47
358 2.84936e-47
358.25 2.8507e-47
358.5 2.85182e-47
358.75 2.85318e-47
359 2.85441e-47
359.25 2.85586e-47
359.5 2.85723e-47
359.75 2.8587e-47
360 2.85986e-47
360.25 2.8613e-47
360.5 2.86252e-47
360.75 2.86395e-47
361 2.86526e-47
361.25 2.86663e-47
361.5 2.86808e-47
361.75 2.8695e-47
362 2.87089e-47
362.25 2.87228e-47
362.5 2.87358e-47
362.75 2.87509e-47
363 2.87656e-47
363.25 2.87804e-47
363.5 2.87936e-47
363.75 2.88074e-47
364 2.88212e-47
364.25 2.88344e-47
364.5 2.88494e-47
364.75 2.88623e-47
365 2.88775e-47
365.25 2.88936e-47
365.5 2.89068e-47
365.75 2.89207e-47
366 2.89358e-47
366.25 2.89506e-47
366.5 2.8966e-47
366.75 2.89809e-47
367 2.89964e-47
367.25 2.90121e-47
367.5 2.90284e-47
367.75 2.90441e-47
368 2.90611e-47
368.25 2.90767e-47
368.5 2.90906e-47
368.75 2.91064e-47
369 2.91229e-47
369.25 2.91384e-47
369.5 2.91532e-47
369.75 2.91702e-47
370 2.91878e-47
370.25 2.92041e-47
370.5 2.92211e-47
370.75 2.92367e-47
371 2.9255e-47
371.25 2.92714e-47
371.5 2.92867e-47
371.75 2.93046e-47
372 2.93214e-47
372.25 2.93389e-47
372.5 2.93553e-47
372.75 2.93731e-47
373 2.93883e-47
373.25 2.94039e-47
373.5 2.94198e-47
373.75 2.94379e-47
374 2.94546e-47
374.25 2.94712e-47
374.5 2.94887e-47
374.75 2.95061e-47
375 2.95252e-47
375.25 2.9544e-47
375.5 2.95636e-47
375.75 2.95797e-47
376 2.95964e-47
376.25 2.96127e-47
376.5 2.9631e-47
376.75 2.96489e-47
377 2.96684e-47
377.25 2.96863e-47
377.5 2.97026e-47
377.75 2.97218e-47
378 2.97408e-47
378.25 2.97594e-47
378.5 2.97778e-47
378.75 2.97964e-47
379 2.98148e-47
379.25 2.98319e-47
379.5 2.98507e-47
379.75 2.98693e-47
380 2.98888e-47
380.25 2.99079e-47
380.5 2.99259e-47
380.75 2.99439e-47
381 2.99633e-47
381.25 2.99827e-47
381.5 3.00013e-47
381.75 3.00202e-47
382 3.00408e-47
382.25 3.00626e-47
382.5 3.00821e-47
382.75 3.01011e-47
383 3.01189e-47
383.25 3.01396e-47
383.5 3.0159e-47
383.75 3.01807e-47
384 3.02007e-47
384.25 3.02197e-47
384.5 3.02398e-47
384.75 3.02604e-47
385 3.02813e-47
385.25 3.03027e-47
385.5 3.03253e-47
385.75 3.03459e-47
386 3.03675e-47
386.25 3.03893e-47
386.5 3.04104e-47
386.75 3.04319e-47
387 3.04523e-47
387.25 3.04742e-47
387.5 3.04963e-47
387.75 3.05168e-47
388 3.05381e-47
388.25 3.05583e-47
388.5 3.05805e-47
388.75 3.06013e-47
389 3.06258e-47
389.25 3.0647e-47
389.5 3.06717e-47
389.75 3.06967e-47
390 3.07171e-47
390.25 3.07418e-47
390.5 3.0766e-47
390.75 3.07897e-47
391 3.08118e-47
391.25 3.08362e-47
391.5 3.08582e-47
391.75 3.08816e-47
392 3.09065e-47
392.25 3.09309e-47
392.5 3.09527e-47
392.75 3.09765e-47
393 3.09973e-47
393.25 3.10214e-47
393.5 3.10437e-47
393.75 3.10681e-47
394 3.10918e-47
394.25 3.1119e-47
394.5 3.11418e-47
394.75 3.11636e-47
395 3.11895e-47
395.25 3.12145e-47
395.5 3.12379e-47
395.75 3.12634e-47
396 3.12891e-47
396.25 3.1315e-47
396.5 3.13399e-47
396.75 3.13633e-47
397 3.13887e-47
397.25 3.14112e-47
397.5 3.14379e-47
397.75 3.14614e-47
398 3.14862e-47
398.25 3.15089e-47
398.5 3.15365e-47
398.75 3.15615e-47
399 3.15861e-47
399.25 3.16127e-47
399.5 3.16376e-47
399.75 3.16642e-47
400 3.16894e-47
400.25 3.17152e-47
400.5 3.17424e-47
400.75 3.17708e-47
401 3.17981e-47
401.25 3.1823e-47
401.5 3.18461e-47
401.75 3.18723e-47
402 3.18973e-47
402.25 3.19253e-47
402.5 3.19541e-47
402.75 3.1979e-47
403 3.20066e-47
403.25 3.20349e-47
403.5 3.20638e-47
403.75 3.20935e-47
404 3.21194e-47
404.25 3.21465e-47
404.5 3.21713e-47
404.75 3.21973e-47
405 3.22239e-47
405.25 3.22509e-47
405.5 3.2279e-47
405.75 3.23065e-47
406 3.23332e-47
406.25 3.23594e-47
406.5 3.23874e-47
406.75 3.24151e-47
407 3.24415e-47
407.25 3.24698e-47
407.5 3.24974e-47
407.75 3.25242e-47
408 3.25515e-47
408.25 3.25797e-47
408.5 3.26081e-47
408.75 3.26372e-47
409 3.2668e-47
409.25 3.26925e-47
409.5 3.27248e-47
409.75 3.27549e-47
410 3.2781e-47
410.25 3.2811e-47
410.5 3.28395e-47
410.75 3.28696e-47
411 3.2903e-47
411.25 3.29317e-47
411.5 3.29613e-47
411.75 3.29924e-47
412 3.30248e-47
412.25 3.30579e-47
412.5 3.30886e-47
412.75 3.31207e-47
413 3.3149e-47
413.25 3.31768e-47
413.5 3.32088e-47
413.75 3.32367e-47
414 3.32691e-47
414.25 3.33012e-47
414.5 3.33316e-47
414.75 3.33657e-47
415 3.33946e-47
415.25 3.34238e-47
415.5 3.34531e-47
415.75 3.34868e-47
416 3.35214e-47
416.25 3.35535e-47
416.5 3.35834e-47
416.75 3.36171e-47
417 3.36497e-47
417.25 3.36802e-47
417.5 3.37086e-47
417.75 3.37403e-47
418 3.37745e-47
418.25 3.38063e-47
418.5 3.38407e-47
418.75 3.38732e-47
419 3.39063e-47
419.25 3.39405e-47
419.5 3.39716e-47
419.75 3.40068e-47
420 3.40398e-47
420.25 3.40742e-47
420.5 3.41116e-47
420.75 3.4143e-47
421 3.41736e-47
421.25 3.42094e-47
421.5 3.42429e-47
421.75 3.42758e-47
422 3.43067e-47
422.25 3.43439e-47
422.5 3.438e-47
422.75 3.44172e-47
423 3.44477e-47
423.25 3.4485e-47
423.5 3.45254e-47
423.75 3.45594e-47
424 3.45931e-47
424.25 3.46233e-47
424.5 3.46587e-47
424.75 3.46931e-47
425 3.47304e-47
425.25 3.47658e-47
425.5 3.48021e-47
425.75 3.48376e-47
426 3.48696e-47
426.25 3.49079e-47
426.5 3.49429e-47
426.75 3.49802e-47
427 3.50179e-47
427.25 3.50551e-47
427.5 3.50949e-47
427.75 3.51293e-47
428 3.51683e-47
428.25 3.52091e-47
428.5 3.52458e-47
428.75 3.52827e-47
429 3.53221e-47
429.25 3.53562e-47
429.5 3.53894e-47
429.75 3.54278e-47
430 3.54667e-47
430.25 3.55043e-47
430.5 3.55412e-47
430.75 3.55813e-47
431 3.56197e-47
431.25 3.56602e-47
431.5 3.57004e-47
431.75 3.57375e-47
432 3.57716e-47
432.25 3.58141e-47
432.5 3.58498e-47
432.75 3.58913e-47
433 3.59328e-47
433.25 3.59716e-47
433.5 3.60137e-47
433.75 3.60589e-47
434 3.60967e-47
434.25 3.61395e-47
434.5 3.61776e-47
434.75 3.62162e-47
435 3.6254e-47
435.25 3.62959e-47
435.5 3.63354e-47
435.75 3.63723e-47
436 3.64108e-47
436.25 3.64494e-47
436.5 3.64901e-47
436.75 3.65328e-47
437 3.65786e-47
437.25 3.66235e-47
437.5 3.66655e-47
437.75 3.67096e-47
438 3.67548e-47
438.25 3.67976e-47
438.5 3.68318e-47
438.75 3.68736e-47
439 3.6914e-47
439.25 3.6955e-47
439.5 3.69938e-47
439.75 3.70275e-47
440 3.70662e-47
440.25 3.71042e-47
440.5 3.71445e-47
440.75 3.71907e-47
441 3.72386e-47
441.25 3.72755e-47
441.5 3.73213e-47
441.75 3.73624e-47
442 3.73997e-47
442.25 3.744e-47
442.5 3.7491e-47
442.75 3.75296e-47
443 3.75599e-47
443.25 3.76e-47
443.5 3.76401e-47
443.75 3.76799e-47
444 3.77206e-47
444.25 3.77566e-47
444.5 3.78025e-47
444.75 3.78448e-47
445 3.78853e-47
445.25 3.79244e-47
445.5 3.79607e-47
445.75 3.80015e-47
446 3.8033e-47
446.25 3.80696e-47
446.5 3.80991e-47
446.75 3.8137e-47
447 3.81706e-47
447.25 3.82071e-47
447.5 3.82502e-47
447.75 3.82863e-47
448 3.83209e-47
448.25 3.836e-47
448.5 3.83932e-47
448.75 3.84389e-47
449 3.84735e-47
449.25 3.85162e-47
449.5 3.85576e-47
449.75 3.85893e-47
450 3.86112e-47
450.25 3.86418e-47
450.5 3.8677e-47
450.75 3.86998e-47
451 3.87231e-47
451.25 3.87588e-47
451.5 3.87835e-47
451.75 3.88114e-47
452 3.88415e-47
452.25 3.88697e-47
452.5 3.88921e-47
452.75 3.89263e-47
453 3.89545e-47
453.25 3.8973e-47
453.5 3.89912e-47
453.75 3.90118e-47
454 3.90236e-47
454.25 3.90439e-47
454.5 3.90688e-47
454.75 3.90844e-47
455 3.90937e-47
455.25 3.91097e-47
455.5 3.91152e-47
455.75 3.91285e-47
456 3.91378e-47
456.25 3.91501e-47
456.5 3.91577e-47
456.75 3.91628e-47
457 3.91642e-47
457.25 3.91653e-47
457.5 3.91703e-47
457.75 3.91694e-47
458 3.91734e-47
458.25 3.91771e-47
458.5 3.9175e-47
458.75 3.91691e-47
459 3.91608e-47
459.25 3.91518e-47
459.5 3.91495e-47
459.75 3.91376e-47
460 3.91313e-47
460.25 3.91254e-47
460.5 3.91134e-47
460.75 3.90966e-47
461 3.90765e-47
461.25 3.90635e-47
461.5 3.90482e-47
461.75 3.90313e-47
462 3.90192e-47
462.25 3.90043e-47
462.5 3.89848e-47
462.75 3.89706e-47
463 3.89522e-47
463.25 3.89368e-47
463.5 3.89165e-47
463.75 3.88969e-47
464 3.88778e-47
464.25 3.88535e-47
464.5 3.88392e-47
464.75 3.88209e-47
465 3.87919e-47
465.25 3.87751e-47
465.5 3.87462e-47
465.75 3.87095e-47
466 3.86876e-47
466.25 3.8668e-47
466.5 3.86398e-47
466.75 3.86054e-47
467 3.85718e-47
467.25 3.8542e-47
467.5 3.85188e-47
467.75 3.84833e-47
468 3.84541e-47
468.25 3.84264e-47
468.5 3.83919e-47
468.75 3.83498e-47
469 3.83077e-47
469.25 3.82721e-47
469.5 3.82328e-47
469.75 3.81982e-47
470 3.81613e-47
470.25 3.81193e-47
470.5 3.80801e-47
470.75 3.80303e-47
471 3.79797e-47
471.25 3.79395e-47
471.5 3.78936e-47
471.75 3.78399e-47
472 3.77937e-47
472.25 3.77463e-47
472.5 3.76916e-47
472.75 3.76282e-47
473 3.75717e-47
473.25 3.75093e-47
473.5 3.74309e-47
473.75 3.73602e-47
474 3.72918e-47
474.25 3.72243e-47
474.5 3.71482e-47
474.75 3.70703e-47
475 3.69944e-47
475.25 3.69251e-47
475.5 3.68297e-47
475.75 3.67309e-47
476 3.66341e-47
476.25 3.65455e-47
476.5 3.64398e-47
476.75 3.63253e-47
477 3.62054e-47
477.25 3.60867e-47
477.5 3.59782e-47
477.75 3.58549e-47
478 3.573e-47
478.25 3.55977e-47
478.5 3.54754e-47
478.75 3.53622e-47
479 3.52338e-47
479.25 3.51028e-47
479.5 3.49538e-47
479.75 3.48179e-47
480 3.46816e-47
480.25 3.45446e-47
480.5 3.43985e-47
480.75 3.42591e-47
481 3.41037e-47
481.25 3.39442e-47
481.5 3.37736e-47
481.75 3.36235e-47
482 3.34848e-47
482.25 3.33286e-47
482.5 3.31784e-47
482.75 3.30115e-47
483 3.28774e-47
483.25 3.26828e-47
483.5 3.24551e-47
483.75 3.22279e-47
484 3.20055e-47
484.25 3.17777e-47
484.5 3.15683e-47
484.75 3.13706e-47
485 3.11908e-47
485.25 3.10002e-47
485.5 3.07985e-47
485.75 3.05772e-47
486 3.03741e-47
486.25 3.01635e-47
486.5 2.99397e-47
486.75 2.96995e-47
487 2.94582e-47
487.25 2.91908e-47
487.5 2.89296e-47
487.75 2.8659e-47
488 2.83875e-47
488.25 2.80797e-47
488.5 2.77773e-47
488.75 2.74375e-47
489 2.7101e-47
489.25 2.67438e-47
489.5 2.63753e-47
489.75 2.59889e-47
490 2.5586e-47
490.25 2.51856e-47
490.5 2.47675e-47
490.75 2.43367e-47
491 2.38952e-47
491.25 2.34404e-47
491.5 2.29774e-47
491.75 2.25004e-47
492 2.20235e-47
492.25 2.15873e-47
492.5 2.11452e-47
492.75 2.07019e-47
493 2.0287e-47
493.25 1.98492e-47
493.5 1.9346e-47
493.75 1.88687e-47
494 1.84473e-47
494.25 1.79956e-47
494.5 1.75085e-47
494.75 1.70317e-47
495 1.65896e-47
495.25 1.61406e-47
495.5 1.56883e-47
495.75 1.52694e-47
496 1.48979e-47
496.25 1.45444e-47
496.5 1.42067e-47
496.75 1.39026e-47
497 1.36298e-47
497.25 1.33864e-47
497.5 1.31741e-47
497.75 1.30024e-47
498 1.28804e-47
498.25 1.28199e-47
498.5 1.28513e-47
498.75 1.29596e-47
499 1.32126e-47
499.25 1.36728e-47
499.5 1.44161e-47
499.75 1.5542e-47
500 1.71723e-47
500.25 1.94846e-47
500.5 2.28017e-47
500.75 2.76141e-47
501 3.464e-47
501.25 4.49258e-47
501.5 6.00948e-47
501.75 8.29936e-47
502 1.17709e-46
502.25 1.71462e-46
502.5 2.56282e-46
502.75 3.94691e-46
503 6.2679e-46
503.25 1.03367e-45
503.5 1.77817e-45
503.75 3.1461e-45
504 5.44827e-45
504.25 1.06577e-44
504.5 2.95458e-44
504.75 2.55317e-43
505 2.87843e-43
505.25 3.06268e-44
505.5 1.08929e-44
505.75 5.5314e-45
506 3.17315e-45
506.25 1.7998e-45
506.5 1.05052e-45
506.75 6.43684e-46
507 4.12968e-46
507.25 2.78455e-46
507.5 1.98045e-46
507.75 1.50663e-46
508 1.2411e-46
508.25 1.11122e-46
508.5 1.08367e-46
508.75 1.15289e-46
509 1.3947e-46
509.25 1.90218e-46
509.5 2.69774e-46
509.75 4.1736e-46
510 7.49065e-46
510.25 1.58296e-45
510.5 9.16908e-45
510.75 1.51823e-44
511 2.66791e-45
511.25 1.1307e-45
511.5 8.98806e-46
511.75 4.25045e-43
