initial_eccentricity
0.010088546832027607
0.010144509288148204
0.010292118359553062
0.010302922473393856
0.010431700451732216
0.010499419058045809
0.010504485690084222
0.010863425069668675
0.0110148019736473
0.011049277248069459
0.01149618841489364
0.011782723493625061
0.012240669624277382
0.012285955887330651
0.012354815622289145
0.012480427278642165
0.012601729061326658
0.012769029378806846
0.012902083502296567
0.013396596128561413
0.013430174179134334
0.013462070464537153
0.013675536742145054
0.013680063186981862
0.013794864624444266
0.014001920253949819
0.01401499010124116
0.014068395126301245
0.01439406451020559
0.014625300532162657
0.014860057959234039
0.01502821773263186
0.015243011052210336
0.015452945016758073
0.015597935069304115
0.015705190972365217
0.015777205037730207
0.015949735503345202
0.015958989791893547
0.01637336935703206
0.016538051122963086
0.016683596930070356
0.016835165784976833
0.016958893217724175
0.017116251066625267
0.017479096981100756
0.017720012270489766
0.01806117492086283
0.018596265015207974
0.018683865225272493
0.01876105659815714
0.018932734013140332
0.019458726549743656
0.019617737904067668
0.019654624984478376
0.019773795341101033
0.01989811014155257
0.02036197639445061
0.020593198626636826
0.020706188849859086
0.020751116623465703
0.021119105510475848
0.021331121211701727
0.021333987797114706
0.02145843027928381
0.021722937035644155
0.022243911730720902
0.022254002373637123
0.022354728891417607
0.02269603782670118
0.02303358267613753
0.023607405546483325
0.02367477016703228
0.02371377035999159
0.0237444993828315
0.02375393399574226
0.023954291811857976
0.025098126292379234
0.026056478567272886
0.026723412701247572
0.026900605097411275
0.027071384243166796
0.02734216414555024
0.027739413588206783
0.027859559905357663
0.027889168616178107
0.02805284239827346
0.028370352878737685
0.1434678832419047
0.1434555207430572
0.029298158195216095
0.029427083052098527
0.029709641020256857
0.03008262092891404
0.030244005205883297
0.030301293415900706
0.03038927084738829
0.03040009509495509
0.03070032662903245
0.030708879299821003
0.03115741829497416
0.031160662991217905
0.03227153980884912
0.03251030355124046
0.03259451908586512
0.03281907609412449
0.03284298516823197
0.0331323853891971
0.03376311325883759
0.033812782912807975
0.03396877231177507
0.03582716023060072
0.036367283552316616
0.03673374368116887
0.03675811495340431
0.03689186363447802
0.03697539129867426
0.037588942559695575
0.14225386686458147
0.03795983313530383
0.03811161290883205
0.03926269950047872
0.03942188561034637
0.039839868353278185
0.04041733093498167
0.04117315662089239
0.1414653892383874
0.04250763138634393
0.04310414262276623
0.04317826374050542
0.04323016899353362
0.04325564153113582
0.043280786281482284
0.043561328217222015
0.14106434830173495
0.04470317382768847
0.044976804487677054
0.04525048184210309
0.045327167065888324
0.04562271176153713
0.1407822999777303
0.04609687098552165
0.04620962963707613
0.046266950819436124
0.04722310536957229
0.04759704255189476
0.04798054351526084
0.04809187084124145
0.04833578268821886
0.048578538838924504
0.14015220281393292
0.04884130789371431
0.14007070219702736
0.04945843966570089
0.0495828511964292
0.04998009388186534
0.05018891288878696
0.050239783401085446
0.05055628462681175
0.0507732242466644
0.050860805134143976
0.051577319651540554
0.05222950709293908
0.05275587499892659
0.0528262475631656
0.05336304469945708
0.054273501827287664
0.05429744676797951
0.05432187356541912
0.05432942695914438
0.0550566715319474
0.13850998781605584
0.055279509154925875
0.05539006565440044
0.05591624642284199
0.1382900817125626
0.05611061627438999
0.05629166575071906
0.05630617741721222
0.05631120522964131
0.0565963997532065
0.05763288870118822
0.13777109084508044
0.057889733499604884
0.05794665825990369
0.05798278063179941
0.05850039963980651
0.13756843994740248
0.05862913521848169
0.05863360711148901
0.05890093997039882
0.05898901230507579
0.05910087179236391
0.05954857733175816
0.05984664473248349
0.13705913409656648
0.06051299815114066
0.1369353023164581
0.060650053516793936
0.06070969317443112
0.06071638110116716
0.060854330335057355
0.06119370427661145
0.0612694868290372
0.0614526357798904
0.061859398011037244
0.062119477261548824
0.06212704936171494
0.06234506065143987
0.1363675332774907
0.13636694704237248
0.06262523495238805
0.06264139974459212
0.06271232271527706
0.06280772566678372
0.06287608122678955
0.06288045139508744
0.136108553093006
0.06321676541074632
0.13597969093108905
0.06366690470138502
0.06395115007822845
0.06437436388750323
0.06441733660391258
0.06445685269874386
0.06449365375661716
0.06535277945570407
0.13534777791745936
0.0654741115144888
0.06549980393312999
0.13530812053888228
0.13527946796136914
0.06568481772181435
0.06665185311985788
0.06670692507465847
0.06696692078778382
0.06700346697089808
0.06713524086863036
0.06724817907522972
0.06735269170529319
0.1346740979389197
0.13464839520014796
0.06757091079202854
0.0679006994198536
0.06792444109786303
0.06808213504153304
0.06819413201706549
0.06829099158521987
0.06865158406601944
0.13418213355368547
0.068780120607828
0.06893972022190897
0.06912557991758614
0.06924620597893758
0.06956028492785461
0.06958292994795134
0.06963724869715268
0.06988693419715716
0.06996587505181752
0.07010838121660194
0.07010888065157692
0.07013643508356816
0.07045036377501783
0.07045949158736188
0.07063826041636358
0.07068439115076829
0.07071838169095834
0.07086748517006364
0.07087913677743897
0.07088299940609993
0.0708843822514266
0.07123379359555852
0.07130762872438323
0.13319961076807116
0.07156539590351298
0.07158233930497816
0.13305608149154277
0.13304513588702344
0.07185148136371876
0.13298661663240616
0.13290555472448293
0.07212470916938316
0.07222819140554092
0.07260286997114024
0.07261375904298271
0.07281890560235882
0.1326045869283864
0.07304730057352132
0.1325127765209338
0.07318411839389918
0.07327859723247515
0.07333407628564725
0.1323445337940052
0.13233606224758301
0.07351723733674422
0.07362094374525001
0.0738769051137915
0.0739059191944323
0.07407458684516721
0.07407564256160629
0.07417229192410489
0.1320360370190336
0.07424856506720726
0.07435341118889195
0.07436943808799185
0.07438222163246339
0.07459171247194701
0.07466286524477105
0.07494129897326693
0.07500017393245115
0.07519689741751391
0.07527476726526316
0.07530712330313333
0.13157336045284765
0.07538413998484629
0.07538681683225032
0.13145565308022655
0.13142364880991916
0.07577527314984518
0.07584952998578091
0.07588634834567153
0.07589573658838869
0.07613369234897548
0.0761715482056584
0.07626530079993742
0.07635799444806614
0.0763888763633997
0.07640734947815943
0.07640770062761405
0.07647871206525834
0.07653149372557662
0.07670190096637945
0.0767653300641023
0.07680556695211385
0.07692602448167592
0.07695748745154916
0.07697545618102983
0.07711001289640222
0.07711782281026762
0.07721465712323443
0.13075980105865434
0.07733231199157996
0.07741380750492112
0.13067187291071347
0.07745215072358225
0.07762674641910315
0.0776495315087365
0.07765189212560639
0.1305435611408643
0.07785280285404085
0.07788835841533151
0.07790297168266946
0.07795828818385055
0.07799174982781874
0.07816667642175763
0.07822181386321084
0.13028153170241302
0.07842601968263921
0.07852690366178394
0.13009493800778021
0.07880225384026282
0.13003209406174956
0.0789953069263839
0.12996661095934917
0.0791435954887649
0.07920576829688804
0.0793006332195781
0.12982544477056338
0.07940598415269577
0.07941745235913074
0.07942788948020428
0.0794979970067269
0.12973239533144515
0.12965726849930903
0.07976386112480911
0.07977788112691547
0.07988392949113517
0.08010157627721361
0.12944427101913586
0.08014816057208902
0.08016649151892344
0.08037433985683752
0.08046227250850566
0.0805729593074196
0.08059579866078755
0.1291990826953148
0.08072621635967757
0.1290886324142717
0.08090434092799192
0.08096227643483098
0.0810843716770071
0.08118817719942223
0.08124153512132196
0.081248302812049
0.08128671692927995
0.08143650100919844
0.0814384408520274
0.08145828591261768
0.08147488547744068
0.08151513281941411
0.08161253245544538
0.08161953167305593
0.08168373966676867
0.0817103959900059
0.08193903574812739
0.0819406282480855
0.08197661717658954
0.0819815328316422
0.08205699537512694
0.08211946822293584
0.0821939973969714
0.082289005180683
0.08266764868773473
0.1281537432702121
0.08284231944884202
0.08292591192749056
0.08298438873932504
0.12806132030078468
0.08305883573251334
0.08309571735222245
0.12799171201019788
0.08315669762765959
0.12797533417623114
0.08372635805941257
0.08373779687783799
0.0837841468749613
0.08380635182475614
0.12763044695808418
0.08391122324509365
0.08391809964010907
0.08430155085017688
0.12733531415075441
0.08447248243628622
0.08449657192130683
0.08453795099272805
0.08465442535075238
0.12720748959124564
0.08478428243762076
0.08478561417465104
0.08480302250025769
0.08495124997171612
0.08497057848448114
0.08499890368723689
0.0850416893934852
0.12692892597010466
0.08523530563950633
0.08527686987640695
0.0854071772259189
0.08541040963297647
0.1267992696940234
0.08548623455033882
0.12674528500395224
0.08555889092942064
0.08557981940341211
0.08561785430097581
0.0856947808602989
0.08570349475335803
0.08574285224769829
0.08575060361465413
0.12658109042615479
0.08590173146473049
0.08595483784842331
0.12652611624731083
0.08599646471782853
0.12640590198846627
0.08619202393326923
0.1263826399495213
0.08628602970889991
0.08636942206397481
0.0863732730412677
0.12629099914847206
0.08649825612544897
0.12618080248408103
0.086606321775891
0.08669645334443883
0.08670370312066406
0.08677206761663196
0.08692067805238646
0.1258697813294945
0.12584226316207905
0.12577050338535867
0.12573729464611705
0.08752395627221997
0.08774123944909185
0.12554161274311434
0.12553110772694018
0.08782790211796793
0.08784325131246899
0.12547340305241864
0.12547011382892348
0.08797451844795366
0.0880181274173047
0.08805384420475103
0.08806901680048192
0.1253142783908986
0.08818368183405043
0.0882234662534864
0.08825224717674775
0.08830646375479559
0.0884009048384409
0.08840248674635483
0.12510614670168557
0.08857381674312709
0.08860740570535079
0.12501268823050007
0.08870372709509748
0.08872621224345852
0.08873953766274838
0.1249699773789007
0.12495424415285683
0.08904533374774447
0.08906300795316603
0.08913006333454886
0.08916801230424774
0.0892567460494498
0.08927757973854193
0.08931613152637793
0.12460670151286406
0.08942920096176893
0.12453060999484812
0.08953870053213182
0.08954037720111613
0.12449787255689161
0.08957998677419986
0.08959564924848351
0.12447730608425239
0.08978238746050841
0.08989619442808527
0.12429718628284878
0.08994581286644904
0.0899505669904075
0.1242595319527916
0.12415905765454349
0.12413899666922625
0.09021472669402834
0.09025332618802871
0.09036674118283956
0.12401195702502607
0.1240085853773064
0.09048313977935037
0.12394108795254928
0.09051629993298907
0.09058715292282207
0.09070226294560961
0.12382231290297067
0.09070569683456661
0.09075629651915769
0.0907905276078705
0.09081393547608908
0.09081683576106946
0.09082006502098473
0.09082521838451754
0.09082813303244218
0.09088656861560855
0.12369307159260999
0.12365080512147232
0.09104693698958928
0.09108965682062
0.12356387033507715
0.1235598522330529
0.09125718744107102
0.09129022288369384
0.0912907792287705
0.09134749131429082
0.09136519759844022
0.09147287067143768
0.09149255945797377
0.09153307488804678
0.12328285800176929
0.09164865361293632
0.09166043173439146
0.12316609546405335
0.09180373288974528
0.09181340775580045
0.09184162109811127
0.09185736405643319
0.09191419602801704
0.09192458999252874
0.12305881403155015
0.09197370897684032
0.12302232701083178
0.12299806504874418
0.09211311092061207
0.12293573131120944
0.0921662611638555
0.09219605614605693
0.09227061900006393
0.0922727173704334
0.09230399460664952
0.12279561666768762
0.09245809685286639
0.09247962000334148
0.09255896691700718
0.09258473740115677
0.09261439390171577
0.1225651992297806
0.09282073860098382
0.0929082443612972
0.0929110983442207
0.09297767110759735
0.12237934821211122
0.09304805791992442
0.09308854193944714
0.09309652137505543
0.09312166942867046
0.09320255481388229
0.09321571796524769
0.0932224598616051
0.09324047214098789
0.1222383065802294
0.09328902782410316
0.09335119207001082
0.09335485170202315
0.09335975709514634
0.09336661263033054
0.0934084042151285
0.09343486581621252
0.09347148784843771
0.12207334599335738
0.12205746259852383
0.09352490708248637
0.09353762900733824
0.09354082203360573
0.0936574357273977
0.12191903996174952
0.12190578924148555
0.09376103995865594
0.09377026239109458
0.12189471833929537
0.12186444021502572
0.12185902545655804
0.12183081883397895
0.12181440425345011
0.09396346528211781
0.1217206793069964
0.09408358617310476
0.09409971187671445
0.09410962737901012
0.1216657201005186
0.12162155477973433
0.09419031575912463
0.12155686308561048
0.12154674319022096
0.09440554344344125
0.12147115154835834
0.09446164163392076
0.09448256545305679
0.0944935378002586
0.09449544575133613
0.12141123139134394
0.09450172466424653
0.09451254839340914
0.09456262023398834
0.09458812534239598
0.12133204499193659
0.12126617114186435
0.1212619812482217
0.09476239448225572
0.12123531880150064
0.0948040765104609
0.0948547320898914
0.09487320506726371
0.1211379379890691
0.094911178792691
0.12112901158685686
0.12110919432703142
0.09495041394264558
0.12109834784982478
0.12109128784565448
0.09497621383686272
0.09498402726807913
0.09502766566616017
0.09506788169480591
0.12100933283590232
0.12100001220788352
0.09511387920351029
0.09514353130468406
0.1209711804359828
0.09518188622512871
0.09523459541905568
0.12089674914434705
0.12088136318318794
0.09529731527968224
0.09530765757116878
0.09531794772378711
0.12085766089919815
0.09532527684702193
0.09534336008328444
0.09535964705645
0.0953775838529839
0.09539737765673217
0.09544417213540443
0.12074560174975933
0.1207414766775221
0.12073033267670112
0.12072674890753686
0.09559728926394305
0.09563843474991245
0.09572625911499519
0.09574112428372201
0.09577793440291102
0.09579865834509978
0.09584771550673445
0.12047398717189993
0.09587997327986299
0.09588877059664971
0.12042012709933754
0.09600500606896108
0.09601463858834826
0.09606884842831453
0.12033680770135503
0.09608222180875173
0.0961265931402221
0.09616024593616024
0.120271820779316
0.12026252293079381
0.12025839693897472
0.09625598754379673
0.12019606134945848
0.09631129456976967
0.09633841010193797
0.12014078330040001
0.09636736782487003
0.0964003781074081
0.12001263122654206
0.12001018184187542
0.09657441543138194
0.0965880796825574
0.11997188960950116
0.09669461743282652
0.096697059075071
0.09672387739574348
0.0967506111666851
0.11983229071581153
0.09680491933192817
0.11980628873958576
0.09683139841168047
0.09683879854246864
0.11978275912349809
0.11978206659116758
0.11976473725357256
0.0968820287983407
0.09688851223757397
0.0969257811558253
0.09701430626915719
0.09702966986892353
0.09707982968638161
0.09721191328993353
0.0972250421629997
0.0972652212458255
0.09728489164845566
0.11946967943045023
0.09730968172884852
0.09731457305199323
0.09734552708413206
0.11941758891764344
0.11939735208381703
0.11934936421371357
0.09755311902153921
0.09755499104144282
0.11924814440193192
0.09763130147121102
0.09763469901482892
0.09764880231381805
0.09769389894067468
0.11915340700585725
0.09778385957810057
0.09779206607908508
0.11909625336579151
0.11907094700513925
0.09786263064465459
0.09788201113595733
0.09791287703264746
0.11899979738774785
0.11898698265560922
0.09796364272177291
0.09808994423276599
0.09810809218819816
0.09813226142293141
0.09816862177566989
0.09819887345326223
0.09824118685411413
0.11876028926675238
0.11875995301257591
0.09825331736147887
0.09826202367847449
0.09831894514020513
0.09832370379502607
0.09836674930540008
0.09839218378948662
0.09848145045762292
0.11854543708603803
0.09857193411840603
0.09859826978588443
0.09862417621868991
0.09865073533221967
0.11844204825089923
0.11841992854326851
0.11841721453413888
0.09870472378843802
0.09873079178163137
0.11838523606136434
0.09881933055430915
0.09887004522092548
0.09888457239353934
0.09888671012698277
0.09891211651299547
0.09892704621164904
0.09898869116663679
0.09908948229646435
0.11810528670761797
0.11807612419193042
0.09914876005719586
0.09915526410405087
0.11804980901082139
0.11800760836351616
0.09924202643589429
0.11798125111543321
0.11796930589151995
0.09928647727474736
0.09928803410757471
0.11795382447754385
0.117953168814379
0.09932604443318976
0.0993296883076335
0.1179223485237358
0.09939104045741401
0.09944091300445665
0.09952791537282035
0.09953375905701821
0.11772887333544546
0.09960516504060576
0.09967478304605085
0.11765269568824405
0.11763836871943645
0.11761557291947668
0.09980845029007183
0.09981080971328085
0.11754038597380177
0.1175241407199569
0.09986769494417859
0.11750225946504142
0.09990032968919937
0.09991184076598597
0.09992814397190695
0.09998600368982107
0.11738835901365782
0.10002403251431466
0.10003915312507516
0.10009594332140596
0.11731016896888694
0.10020538046447545
0.10022047977573129
0.10025113580853556
0.1002887184296094
0.11716902099103366
0.10030380615300595
0.10030699199950778
0.1003157619367168
0.11711312403067815
0.11705730798217209
0.10043736534366518
0.11705078425102437
0.1004451120966586
0.11704927774826697
0.10046661021695266
0.10048055824726092
0.1004910229318558
0.10049921742457536
0.10051634774525996
0.10056173959720996
0.11694625147656341
0.10068432161051355
0.11683056558335153
0.10072033899478182
0.10076132062311363
0.1007706720106638
0.10077210777322293
0.10078573439347036
0.11674730331490424
0.11674122799104071
0.10085016039268396
0.10086047422499114
0.11668995758838518
0.10089126086354526
0.1166558487344019
0.11664503352130154
0.10094259182388944
0.10099664317038462
0.10103025740629093
0.10104648862676605
0.10110029047022892
0.10110505473239478
0.11650499641120639
0.10113246977653587
0.10115281250611904
0.11642562334194649
0.1012306954192564
0.10124786001876862
0.11632831116809922
0.11631100339339762
0.10135139465253143
0.11623091480310976
0.10144530888668646
0.11621077303571545
0.10148940606585116
0.11618339897600238
0.10150231570812798
0.11616928273127482
0.10152017166889249
0.10166733661143361
0.10168661800889259
0.10174384748028398
0.10174679245529902
0.10174730432721235
0.11595839657542387
0.1017697612321431
0.10177677396745942
0.10179299706822006
0.10186325831198784
0.11586709242044682
0.11586280664919246
0.10189915600774552
0.10198933158201498
0.10199404912209946
0.10202277716911493
0.10204321673906602
0.10208860479355306
0.10209322429587951
0.10209439048435404
0.11563791335434678
0.1156280633178283
0.10216130568885876
0.10219062991560902
0.10219616077836956
0.11555027184318868
0.10228925591789947
0.11548273897068441
0.10233973388827533
0.1154504996715879
0.11544417926715347
0.10238994029839558
0.11540725144873654
0.11536190690331433
0.11532829837939673
0.10249766784687961
0.11531979641114276
0.10251272170612624
0.11529745661981369
0.11528554999565194
0.10254697623885052
0.10255708848570504
0.10257411862747955
0.1025985709323972
0.1025998372400626
0.10260307937941972
0.10261045829504113
0.1152244163863858
0.11522002660783381
0.11521904582479295
0.1026221497751148
0.11521568984574769
0.11516580053916885
0.11515616181307664
0.10269875614604237
0.10270317328863911
0.11513876307676812
0.11513635708397688
0.11511806069932867
0.11509419855054523
0.10280317834067
0.11504278890434931
0.11502475363387342
0.10286116608762921
0.11498630063878
0.10289326909248095
0.10290821917327833
0.1029169044302883
0.11495260656449911
0.10293477433156556
0.10294294104477696
0.11493160173424029
0.11492107830423547
0.10296454480320699
0.11491528795136816
0.11490087832327092
0.11488790087970077
0.10299829090650331
0.11485852366203264
0.1148350448560299
0.11483157809069779
0.1030639325226327
0.10306436272346287
0.11482660499894676
0.11482612616575204
0.10309571433964665
0.1147997138497853
0.10316393684414195
0.10321659289682923
0.1146826939629149
0.1032372998863786
0.10333922183445061
0.10333965266303828
0.1145277431742799
0.10341573180077848
0.10344342794314272
0.11442781749159146
0.11442189861742998
0.1144089629770193
0.10356369696336833
0.10356995279420254
0.11437214653708191
0.1143097150664411
0.1036555078283555
0.1142655497927828
0.10369799255961124
0.10370130322134449
0.10370920827049902
0.10373775334578036
0.11421974411084193
0.11419114883581624
0.10377556137539379
0.1037883732228807
0.10380749148961363
0.10381102789445311
0.10387742532846651
0.11409431146608068
0.11408590692972599
0.10390485513820971
0.1039106576589494
0.11401409013096758
0.10398833562234686
0.10398937758169854
0.10401954897238504
0.11393741182260968
0.10405272309887544
0.11390958818287628
0.11390865022995289
0.11390769457892687
0.11390183923174459
0.11388024106304036
0.1138274932411996
0.11381018684624383
0.11378708769534546
0.1042311951403222
0.11376205722431486
0.10425998922049821
0.10426371567579125
0.10428525483260842
0.10430099123598216
0.10438047517532621
0.10440074628470701
0.10444585108896401
0.1135691824239479
0.10446719954056484
0.1135209289437811
0.10450489248632185
0.1045063098307075
0.11350456270880456
0.10456974613439421
0.11340816912946482
0.11339746850056157
0.10465272096898842
0.10466764595149812
0.10477497078224673
0.10479246789032148
0.11324423146963977
0.10480467510697838
0.1132261523087025
0.10484665771965179
0.10489531112396279
0.10490857743454873
0.11312553757376159
0.11312378684591964
0.11310854152086403
0.10495920371100931
0.10498174850943214
0.10498742144163084
0.11305804782411615
0.10501349657808484
0.10504078493761798
0.11297612672913696
0.10512094975724719
0.10513897918055003
0.10514450794639907
0.1128977904220586
0.11289503654400675
0.11287022652365451
0.1128681947886615
0.10521628532391959
0.10522112699063937
0.1128176693270972
0.11279262354120956
0.1053972954859958
0.10539805403372471
0.10541510750853078
0.10542032102449111
0.10543042804196227
0.10543283691096945
0.10548046214652215
0.10548088543170155
0.10548613934348466
0.10551534563421035
0.1055182750361743
0.10553033892464145
0.11253291886077803
0.11252668987578171
0.10558088813573724
0.11244008905525035
0.11242872534932911
0.10566592936856951
0.1124179829778138
0.10567300326386017
0.10567949220153156
0.11236419358691782
0.10573245755445557
0.10575997993592023
0.1058148479822776
0.1058323076500178
0.10585851790678369
0.10588455250648882
0.10589253872603775
0.10591613471916335
0.1121551994558507
0.11213148622524932
0.11206058429455996
0.1060700289714249
0.1120250348120026
0.10608135301194783
0.10615853552631575
0.10616928363131517
0.106174123273303
0.1062179741002772
0.11188963309168067
0.10622410021967121
0.10623938550408679
0.11179832213999807
0.11177588848658751
0.11173141147682442
0.1117283315150782
0.11172789626620314
0.10640278573039537
0.10643701386833489
0.10645334843588523
0.10647554967394056
0.11164174887070788
0.10647989589919692
0.11160441371576435
0.11157714615803378
0.11157364684517594
0.10657403610668338
0.10657851846842059
0.11153373302512005
0.10660074336313731
0.11152070377247483
0.1115012055562501
0.1114706109441784
0.10666278657766104
0.10667960384581489
0.10669211596927142
0.11143162837919983
0.10670470245950593
0.10671005095453591
0.10674343574574388
0.11138014392481013
0.10675756229853564
0.11135151125408309
0.10679059864469802
0.10679890643889631
0.10679997395454466
0.10682111598332156
0.11129021209213692
0.11128095586204147
0.11127586360859983
0.10686094568140568
0.1068872415962502
0.10688965933476255
0.10691400053120281
0.10691908308585085
0.11121070240946265
0.11120752317157216
0.11120331021033199
0.10694524218807619
0.10704465120486938
0.10707780231273477
0.11104800469608578
0.10710856368100656
0.1071274270134762
0.11094186364037721
0.10721920668236726
0.11089084861997626
0.10726125903715915
0.10727307543040433
0.10728635085472914
0.10728891998897216
0.10729819972971491
0.10729927399201648
0.10730843052426002
0.1108008809012766
0.11079455853878775
0.10734668936488011
0.11078103075850118
0.1107749619147842
0.10738874128384372
0.11073455765497585
0.10741502927707915
0.10742324946071247
0.11069091442451125
0.11068748708879886
0.11066978996109883
0.11066767213435771
0.11065061175743064
0.11064493373499444
0.10751510303108643
0.10753275690029268
0.1106040044541204
0.11059384276245192
0.1105426900194293
0.10762825507420187
0.10763695166316133
0.1076542195420761
0.10766600714309753
0.11046123859063009
0.10768721154845666
0.11043002353911308
0.11041356272772962
0.11041079727047606
0.10773555087874861
0.1103936981630412
0.11033266248794699
0.10783190847931602
0.11029125252227422
0.11028537782016068
0.11028174200131984
0.11028016974476872
0.11024937625391638
0.10791551660473638
0.11018886307341057
0.11013382189377058
0.11012734245673386
0.10802612419700104
0.10804512175034059
0.11009234749402987
0.11008734406702404
0.11008728532579393
0.11008678057429343
0.10808347771190675
0.11005102497004256
0.10813022878131019
0.10814855444324557
0.10816258739248193
0.10998283197103965
0.10997602824413476
0.10818609712691095
0.10819200692908025
0.10819505826180416
0.10993774041808228
0.10993069268210431
0.10992516094417934
0.10988381830926053
0.10988213692807337
0.1082751478188326
0.10828933141620924
0.10983058730064137
0.10979699115293118
0.10975843146032027
0.10975685605354929
0.10853521244622684
0.10961266213536586
0.10961053634961995
0.10856375607284136
0.1095836567107677
0.10957450492833035
0.1086254490512156
0.10950837715634057
0.10868469741809217
0.10868525869961589
0.10946454571994901
0.10869631238798375
0.10873436888626231
0.1093693919935663
0.10878234658484576
0.10878404576772815
0.10931829978357437
0.10884292364324895
0.10928367554244664
0.10890077660327084
0.10890678733581174
0.10919927756359749
0.10896240996850912
0.10896656278752735
0.10897578269739631
0.10898733124502781
0.10915246476232705
0.10913828019055037
0.10902804190525041
0.10903188288055221
0.10903716813641535
0.10903859027738433
0.10904298300235706
0.10910266198963968
0.10910240991551019
0.109093721421152
