luminosity_distance theta_jn
2925.3491437602283 2.812459411336742
3972.717766888705 0.19420278958068724
3906.4970559843005 0.27287332564168115
3887.9507266536557 0.3834034146783155
3034.8152319723417 2.783519154074056
2546.4192921516883 1.047120451845366
3226.1197969554705 0.7626658368624534
2917.7196775444772 2.6609925011867093
2119.0953325721166 2.137250048725477
3598.9775903888703 0.6346821907208519
4208.102461463262 0.29665245898143094
1802.0764836931476 1.5337199299813453
4390.406265833387 0.14417681420203085
3207.1896929091677 2.8643387417992336
3393.810434243993 0.777132272289585
2668.6717391095754 1.0738340819601766
2981.726295050469 0.9539491629737883
1989.2461832611316 1.4241321732061876
2679.2738973463734 1.0768130922151813
4543.536870992596 0.32241857709547184
2445.4267375969034 2.2713422370959377
2061.047852638691 2.011052762132716
1854.9942200597452 1.7318858652827516
4430.253018693797 0.41189317704936523
2695.512625414223 2.411253745565991
1870.2478349070032 1.6488906226194373
1889.4748507725888 1.6003694497006826
3915.0120676077886 0.6653995932740634
2818.126087008896 1.0656579101175347
2825.981690867477 2.474924576332106
2917.546950140022 1.0393665294779035
1906.148339900781 1.5984714567559866
1885.3835407521824 1.7251386299918245
4464.004186148159 0.46316516997976986
4386.523907136962 0.5388799783251002
4716.391992117505 0.3901063037583305
3186.068677086526 2.673695310296826
4971.7611206215415 0.2724435724547416
1971.5399037638622 1.8121842565295687
2362.2064616028956 2.1573455570845046
4886.12720253274 0.38976563091236677
3411.225503178664 0.9410970719709906
4984.110028352367 0.39536067796462004
4989.442334655527 0.4158859831238718
4773.820356922832 0.515149408153277
2278.251135382895 1.3861203021730912
3893.924538612129 0.8225601029304751
2152.850781748088 1.9783499503514017
4372.679339746028 0.6724718505695317
2835.4055057687174 1.1598663838358458
2872.545816016362 1.150629698914108
4269.347033070416 0.7157680165851165
4514.4219416150145 0.6400318217625067
3553.3427958547973 0.9414224804425623
4616.0537096739745 0.6083635708878128
2035.1310158319639 1.6059321042715042
2340.030739565479 1.3741960235410169
2207.569168073592 2.006853435635958
2409.3295534803124 1.341589364618673
2601.3280046514046 1.2626315378392245
4952.011293554122 0.5107140917094598
4320.057753938785 0.7347851223615132
2869.4522046808775 1.174489698705414
3193.6577454739263 2.5852872529093553
3409.3696315600455 1.007400817170352
2254.6706366500225 1.4353481971423379
2027.5047997988527 1.6875087145889027
3844.6549378319473 0.88827370101803
3233.1536872601077 1.0687072233386123
4298.877184276239 0.7620059898289264
4732.08135968831 0.6273366851696037
4320.7728225410865 0.7556326854087255
4771.569827651772 0.6339638644376386
4137.280418600849 0.826907602019793
2436.2709918381997 1.3598973607101632
3413.6681402508384 1.035183849694423
4205.161951495823 0.8166158359591189
3190.2166312506124 1.1016219869195547
2289.7538893164524 2.0356913327222395
3349.674432525121 2.653107118035657
2904.295735840404 1.1947051079261715
2166.796859022375 1.5300770263045653
4661.5713607575235 0.7035434535642403
4417.336523932404 0.775205996224075
2522.7285613726526 1.3399536256277826
3201.2547069055363 1.1155072830473667
4364.358486891489 0.8045004828850294
3649.8518075113475 2.8613799501896517
2079.7676727357552 1.7030010819456147
2463.5004484152114 2.133241360594975
2314.010070352957 2.031516902150029
4954.718696966702 0.670897120148142
3873.4314486710864 0.9568514663165935
2350.179054870178 1.4420460094582743
3258.0997797904597 2.5664078812655897
4756.796755221083 0.7467150851009886
4255.589898705267 0.8746931151311018
3580.9561960180567 1.0460034963467972
4397.484263727799 0.8442089117220547
2632.96043645376 1.3277435891846434
3577.2036255590733 1.0517968458215146
2668.3843353219377 1.317802680395853
3806.1926251957757 1.0012397455888211
4784.357753634543 0.7633000832033444
3547.033435526168 2.7302145177492987
4021.7476371487637 0.9505257400965305
4975.164289434791 0.7199121265109789
4612.480394277098 0.8118619179933052
4741.1669308753035 0.7814991778813702
3056.6220873721486 1.2065526302231593
4390.824514704638 0.8778745543262585
2132.5083234688295 1.7523781737501232
4485.095697881856 0.8567648115047376
3574.186791103009 1.0724291448268943
2507.030901071528 1.3963286099987107
4832.627392341016 0.7808737862473061
3215.5923324429805 1.1671093687280796
4475.840867726007 0.8692986965967957
3012.63293856648 1.2257760458390596
2145.6834446138137 1.6906600874954518
3351.3092230707184 1.1382348009202887
2153.4516535732023 1.7897113763204775
2665.6849934993406 2.2152258069698334
3360.0467543349637 1.1387123149862224
2150.3857507782955 1.760556627403241
3887.140113802754 3.0638719427776784
4754.837841123052 0.8337613853608583
4317.996781994884 0.9327423193209337
4616.128542664857 0.8720148580579153
4783.869204540471 0.8390842781881921
3933.733941743733 1.0249723498705035
4831.940296465114 0.8363159502993873
4755.250392637248 0.8598284800319067
2357.4163676241824 2.0020199458578114
3583.5362038749818 1.1128292683442096
4851.647748425722 0.8534909762655457
3427.366867589389 2.604274446740715
2233.473267307274 1.8729141091440982
4208.232271356406 0.9906798591637593
3576.3590631433476 2.693016804911289
4296.042377304113 0.9764306826537601
3574.3110307464585 2.689091166460083
2797.1180533506677 2.263914769100278
2289.527695113447 1.9295454745993363
4884.989755169373 0.8681541215644835
3280.6636886692345 2.5148416209338817
3387.924697710747 1.1762266886621071
2315.8253795531627 1.5511767946143593
3225.191119073306 2.4813371265804682
3378.899802944056 1.1815662607328699
4639.226194069678 0.9334060461446021
4348.217505101487 0.9906493901227764
4946.806727014565 0.8860837123098688
4703.460733173013 0.9309000938961715
3878.8479512153776 1.082503622896568
4658.21558682017 0.9441033302799744
4885.214499456543 0.905851733955303
4800.087638624857 0.925976686746588
2482.3212749152644 2.06575300327656
4031.4715111080573 1.0630780646770506
3631.331594293823 1.1415331398923332
3063.0590923009145 2.3872474106950206
2666.8262928553145 1.3932491429866167
2930.4263888955797 1.309209660090489
4204.455849953951 1.0343390543524236
4936.448154321085 0.9117959842928833
3143.4617090005795 2.427444843237457
3715.840822892986 2.7590983612830753
3585.6513214193924 1.1553470255126834
4587.018772348621 0.9752233870361273
4722.447584998206 0.9547452233048266
4389.607700930401 1.009213996569915
3227.7232856281425 1.2369664284379742
4100.75992111669 1.0611135042001836
3635.4753403730456 2.699668349926525
3416.1036680793372 1.1945678866908036
4434.357483977272 1.0048750866602287
2281.5719719413873 1.6134230222253203
3129.1790913379114 1.2663653243567672
4783.559114597252 0.9598105721253514
2394.8252910257784 1.990533346819718
4736.1577158565315 0.9676433759684363
3273.0597001599867 1.2328309671594282
4535.492569504001 0.9995610202929427
4100.403901624477 1.0720137327222141
2739.2617281437656 1.3797991732816153
3340.6003665205762 1.2207367147166825
4359.86375716257 1.0358846385550506
2417.8726668577306 1.5209464195825975
2300.4160854056304 1.89234926993269
3207.2025938413676 1.255066050137499
3046.761135957554 2.3659940672058313
3780.235681560047 2.782557135166457
2503.344465057199 1.4816510081484864
2790.897270358644 1.374754359741759
3446.6448229082544 2.568402318883477
4969.202149461415 0.9812857147152093
2612.929376623255 1.4412358933035578
2269.3502852018314 1.682528150680457
2366.546748809942 1.5745944635032794
3729.950266035685 1.1673501115616836
3871.084562754065 1.1455128031777482
2946.4452920943227 1.3383050892015536
3698.9501840469493 1.1769947814844335
3416.6266484805524 2.543573610602573
4567.971521152137 1.0504177865051034
3466.0546098871 1.2215397301279511
3709.4043224403094 1.1772989339773965
4375.5046817570965 1.0771727778879783
4001.067905909935 2.970957717364115
3452.0112959855655 1.2266039058187062
3820.070335372859 1.1607875777355119
2292.2910854164174 1.664793512719691
3218.912955477295 1.2766611002169281
4555.954546329936 1.0598776503333631
2754.9459180292383 1.4012863518015763
2357.8889736739256 1.9251389957457015
3127.5139821301086 1.2986224964019775
3348.1460286790334 1.2503593720953436
4972.537730723809 1.0255550794730073
4564.779059703026 1.0677480184058374
2275.7469713277424 1.7778192080445372
4969.8609891520455 1.0306299181749947
3932.4378147414154 1.1513211849570801
2921.8523888503523 1.357110397050302
3919.7397215919304 2.8597467213959074
3429.904289073697 2.5408511953613795
4899.506951550561 1.050169933605264
4288.191183402494 1.1107197235044566
3015.4361590619033 1.3356434015734375
4654.016642897933 1.0725921688358864
3034.5001625442915 2.336314409131697
4556.616286353663 1.0868006943989414
3590.893790525954 1.2174788376511163
3410.9675116397643 2.526938482215188
4788.03846042671 1.0688491287660913
2849.3669564147926 1.3844067129599467
2660.02278652619 2.1341159594102597
3710.3426795906544 1.2022449554203196
4675.884149396362 1.086088872642688
3726.1195722576404 1.204930764198045
4462.791648246426 1.1128485341667735
3702.780917272989 1.2091723310044529
3961.7187685301515 1.172421118989721
2815.231175015358 1.4023350608516665
4641.9639779485515 1.1024200440463519
2785.178389342638 1.413239368683765
4255.378261269272 1.1402235992995746
4738.075792596437 1.10090865581883
3271.7049897746924 1.2931418843330407
4674.647985973959 1.1105738079862046
4929.262661863126 1.099326363482351
2945.5502825908256 1.3716882789770837
3950.6850088725414 1.1849798900000963
3907.730722065077 1.19094815116027
4454.672373114726 1.1323243841334312
4816.288995637875 1.1100003431201746
4770.805257835719 1.1148394538233006
4945.683867568591 1.109835575884942
4357.731409729336 1.1459138984943549
2702.0100272449317 1.4497284469219751
4607.424427080655 1.1305790219197676
4610.965059425633 1.1350258825388164
4732.060828096264 1.129283178995902
4869.541019913052 1.128873633251265
4600.557218670022 1.1400573837574073
4896.388373861633 1.1319338948192652
4747.764018712839 1.1445649397032025
3829.937016763563 1.2192289114388435
4254.003781387126 1.1758995613643524
4675.6977730002345 1.1525249061655516
3621.4073640985575 2.6151489242502652
2973.604258978683 1.381651731850518
4619.737613615448 1.1627680048427516
4960.444573541891 1.1675644526371007
3602.3930904751924 2.600683987762045
3068.1226404192803 1.3617621884416475
4415.119541640229 1.178815949651748
3711.1212034451405 1.2476484647395574
4085.7767865230594 1.206077960096192
4727.391763869322 1.1716103007131162
3200.4763379823466 1.3358406822836824
4874.111024210965 1.180413609450134
4271.221453895913 1.1970488316449284
3834.744501347184 1.237957850150884
4308.340346784848 1.1953285775729965
4660.679617532508 1.1823583077181177
3579.2718952255973 2.582533732720832
2528.3314951204793 2.0154096927089626
3914.208544437863 2.7885693531468316
3753.188048249714 2.6810312664221443
4273.98635058006 1.2028481986788209
4465.580670124905 1.1935250771994055
4613.517495751217 1.1919959447079032
2349.7909976673823 1.7354901851002478
4971.143852356487 1.2072508453231399
4078.496483234978 2.9287695866989023
4341.027834740655 1.2070269999495205
2998.878316295233 1.3909622374418962
3277.879692446989 1.3318699113671688
3442.7793708863455 1.3034279504691944
3635.924440557518 1.276805735947568
4770.418246784259 1.2096284049599129
4980.255076268052 1.2230274987455811
4093.342554940812 2.935842651359742
4754.646266289628 1.2125849616620683
4489.503212295304 1.2123548661431194
2802.9426753625935 2.1780131624892336
3694.8768639497603 2.636023227170269
4331.104815614035 1.2201981942309035
4424.17943532329 1.2176640557375817
4979.331699597618 1.2339312883478482
3316.1185595382935 1.3317601389750438
2822.986605480066 1.4469024398693762
3772.3262925020563 1.2688270092717866
4702.811189724566 1.2281397285121396
3646.43341833836 1.2870243411078959
4441.570174934417 1.229297823921925
3275.389245072333 1.3448463292516204
3070.8415776873426 1.3864199524807346
4878.377442667123 1.2444130431996416
2550.7250893863074 2.014334461351938
2783.482887896146 1.463694225857833
4631.275410615644 1.2362169258290476
2485.9902938227365 1.598082682526018
4925.021289221603 1.2537257361032759
4426.8565955203685 1.2374565137587503
4919.168288520717 1.255578951251483
4740.86669465185 1.2432482134329612
4537.466619471671 1.2393163652243004
4854.998183137894 1.2561063019734546
4776.164811500144 1.2513105769715518
4884.5286849081 1.2646150533753084
2382.675726373986 1.806560570024217
2530.7757937786373 1.9920969604370966
3602.573675012088 2.5723277591284903
3739.3106115247215 1.288566942105083
2509.547491056327 1.9739779639845048
3160.8803777922935 1.3765770494842904
4929.514420594181 1.2754972199631642
4791.324157942191 1.2640047506842
3581.2741234423 2.5594871533314647
4856.052933345002 1.2736293598339592
4441.327568481754 1.2557774581026075
4256.25403812222 1.2592574706867627
3258.521530159599 1.361162631002122
4585.11484038616 1.2600774594325654
4075.3858787453887 1.2692696545956619
4555.591884304606 1.2627338471813607
2512.1734362699235 1.5957704912625608
2600.8139158781737 2.038282470084565
2976.192883764285 2.254240886230242
3262.9840290830352 2.396062859839198
2724.1868528324358 1.4982449944026017
4226.692159455737 1.26773605957542
2695.381036487293 2.09828974316358
3577.8975256740287 1.31818391477892
4691.206601042658 1.2757056316948117
3130.970175719394 2.3302589869195685
4939.754488203745 1.3026991610207816
3145.695270984206 1.389184476705207
2871.2076134428135 1.455158588547626
3750.985495823104 1.3026330899975245
2577.350350813454 1.5647614490405126
4155.046483668046 1.2775574981507534
3624.9891497872463 1.3173061757293196
2407.461066725765 1.7169861752806166
3359.506154059315 1.353975348271667
4128.420866970346 2.9149535301424114
3819.961723859101 1.300490251040846
4769.2107765429855 1.2993543152074671
3800.7182844224267 2.668807607411653
2839.6749017548004 1.4695459908163933
3284.338036142127 1.370492727911902
4981.322713865007 1.3315473103058493
3288.5991598564046 2.3995445217059164
2594.793431462077 2.0215232877212475
4972.078715934527 1.3381018830566218
4213.815015396364 1.2922224492714784
4483.255483044307 1.2966079941562438
4509.739925690688 1.2983640040649278
4853.805974228629 1.3269530021780567
3904.7695537487784 2.7252192219954767
2410.4900890582194 1.7693745471983173
4212.106000606126 1.2986166334426676
4625.8107894663435 1.3111489181556466
3864.120826604842 1.3130235542419038
3680.7695491915524 2.5925843553657377
3055.7716499022968 2.2814048005834366
3502.0972345717373 2.5000498096778934
3824.5763077489564 2.670206412292056
4884.786903777897 1.3490298359185573
4383.015358892798 1.312939030828153
4485.2462175815635 1.3200605860388095
2611.226426143193 1.5727844011765917
4413.586055075337 1.3192941080146376
4684.9332384848 1.3411755214614223
4180.789081904491 1.3182306648086528
3980.785799558184 1.3225625660471314
4814.472626444583 1.3582462080371231
4916.637249361138 1.3731038955501098
4158.275798064903 2.9020171221479716
4061.523983088152 1.3241207791193745
2710.5337293442367 1.5344900523021103
4498.168054219765 1.3340674055905852
4347.941749915245 1.328563740761484
4746.053456043086 1.358831800277576
3680.7669009901906 2.580438004651543
4533.33839587586 1.340287254098322
4054.9224076961914 1.3289158894945872
4871.203123007477 1.3784238920683807
2828.731011674101 2.1523667386367
4822.666334739474 1.3730999718520913
4989.6128321534525 1.400761543463099
4663.929853302593 1.3597736746882727
4737.389234524742 1.3700510524096339
4477.956505321729 1.3459733476445461
4623.219725367007 1.359747170647969
2733.383960374716 1.5341984693142523
3948.2259998110158 2.726130600854107
4711.59191194742 1.3767354830697383
3481.1303529727 2.473039977277588
4974.353394468833 1.4166544358709043
3692.547833971601 2.578458433787916
3437.820139962761 1.3857490482075354
2735.2635695356416 2.0889744801988086
4997.852525756911 1.4291236633022184
4444.001167741276 1.3602148285853952
3103.2734702401012 1.441437586357022
4886.809358810066 1.4123154088068173
4119.025297855825 2.8399957941060054
4839.852411047789 1.4073324967389718
4211.576754974489 1.3537865084146743
3890.473733326091 2.683197358746377
3005.584831917796 2.2361719587619002
4018.977867601768 1.3557252106905098
4000.151324049528 1.357648415362923
3135.8750413022412 2.2993862507422222
3304.716558950989 1.413068841717955
4651.705051664628 1.3941182492437452
2732.7704364579017 1.548226152206819
2514.218195589544 1.903435256626527
4499.638192532131 1.3804672559281346
4098.458246870104 2.8147418111558244
2566.2222884506273 1.956466332818463
3749.5376797241083 1.3716290654234418
3778.518624756591 2.613868252150141
3798.594774502641 1.3702692265232386
2796.582618218462 2.11802465824635
4763.626742583818 1.4155333414448013
4420.103593513184 1.3800591658228183
2953.364639435624 1.4860771647022168
3618.2227746505014 1.3855044568779258
4408.436711776091 1.3827945506933608
2473.731991377351 1.7649794108217514
3037.2284227363725 1.4682079510983856
4147.500045060575 1.3720586834126902
4535.706074730161 1.3971371118496665
2753.522043303025 1.548490416948115
4644.7600829962785 1.4110793893631202
3298.4275865970967 1.424664774355131
4362.794670009614 1.3866539395643285
2503.874276331854 1.871076409832395
4607.908381669564 1.4106196327154956
4399.603773783784 1.3910614384235669
3910.4488222585746 1.3774820658052496
2789.079217388741 1.539629321685963
3279.728907195197 2.3604792774731127
2937.025267318983 1.4965413067007067
4009.902634390682 2.739424354973039
4479.607785241258 1.402180688207103
4376.896161968177 1.3942699731761987
4269.27054553295 1.388582592757059
3355.5143497680933 2.3945369022364567
3310.3536814847853 2.3724574325201706
4321.4832030594935 1.3960329025503777
4920.425580732036 1.4709923818716693
4518.4043983377915 1.4137354186496593
4252.072290358862 1.392796544395835
4472.655949258134 1.4098801324622956
4526.468227955541 1.4158590947222631
4221.552688959258 2.8955685885689384
3814.073326988087 2.6199019158473065
4640.036794755694 1.4326873831140121
2533.9763508334295 1.6884390977037722
2587.75090410669 1.643982668214445
2738.4209836137325 1.5674520614555998
4044.077183070266 1.392091264378133
4962.402349690352 1.487873417131074
3590.293467443457 1.406389115845387
4154.073143287283 1.3955906411404866
2520.4952173146144 1.711807035371147
4309.7731729078505 1.4073117440391265
3784.095802376443 1.4015503578202146
2627.7607479584353 1.9828123972292853
3917.4332113024143 2.669251599684031
4108.302746828728 1.403485368829264
4006.5090252234327 1.40156744359535
2848.0028941761716 2.1299559232516447
4593.149680709684 1.4446377875744156
3840.924247380061 1.4048170368164752
3045.730079348873 1.4889157278003051
3329.3226725757672 1.4436459617454436
2517.376351649554 1.8366877030431936
4210.346935654961 2.862378680458143
4461.904266523988 1.4369979154981634
4780.806793859649 1.4802152311080037
3794.218370178591 1.411112146218093
4764.067784673649 1.4792064914888026
2648.8013021919155 1.6231048288930805
4919.968193364448 1.5060996715609354
4693.500777463421 1.4740527997353186
4207.309548135415 2.8535941111229586
4482.414992774078 1.4472118200277282
4859.302079167332 1.5035968820635204
2521.2247723788632 1.8194334375847183
2618.1130284874534 1.9606657944352395
3183.100671915272 1.473926368980751
4836.254025450155 1.5050465476848387
4517.233119163188 1.4589300472965456
2696.410944878035 1.608734853717185
3833.9528427078176 1.4233645737201366
4536.648551276261 1.466561423946882
4867.653819568153 1.5175387510350453
2543.0156549823473 1.7360894792626715
4040.621411989318 2.725210437223207
2836.456162503242 1.557586600462062
4236.559118905788 1.4383772909153292
4215.8538741675775 1.4376462052118522
4277.523689713053 1.4424975384468715
4057.52380948862 1.4307546144483558
4086.896389820192 1.4369224736120896
3313.3070042958584 1.4650049699422867
2890.5601044775008 1.5462904098375232
3056.8104353824824 1.5083026072817118
2999.669053011345 1.5218927967114335
2666.9997393163303 1.6383103864614401
3859.1753251690025 2.613698687300627
2543.6451506734547 1.8156864319506878
3522.4197969147363 2.4465952531692485
2732.6913902614137 1.6072162608495466
4118.858383768779 2.76349471424912
2746.0132232165106 2.044347706730509
4651.453187839793 1.5057716912541614
3899.873652117047 1.4440567829758186
3973.5995501280713 1.4457423532465044
4557.100725939789 1.4975195796674063
2552.3153015589373 1.7812385803385162
4922.375142257967 1.5572462286717441
3103.5754490261925 2.242305460601769
3744.478541548209 1.4485620651131812
3655.9463305750737 1.4511530592854902
4528.692966407942 1.4968769445235568
4621.058891555046 1.5112361767935156
4195.497314095559 1.463289147445176
3788.1226484144436 2.5698994949882588
2559.2506868015103 1.7692412723679887
3653.802993127435 1.4529806040337556
4337.417691465314 1.4775048069557932
4529.286423156082 1.50121232754427
4993.32558519951 1.57750606512384
2868.180479171861 1.5675934053653562
3735.628066646978 2.541427656083606
3652.2870085911704 1.4571691077262139
2827.6621730126617 1.58267991602242
3216.782863052398 1.4953679424184452
4998.747968784755 1.5834675735464614
3117.008721247982 2.244758931687818
3481.709862595604 1.4686099930088898
2584.326009006205 1.8741823957590933
2685.782311410798 1.9871304061122552
3949.458483630456 1.4591202841528972
3886.817704980597 1.4586882405797668
4949.913459162047 1.578363969405198
2672.0539949164067 1.6560734398953163
4567.643201399914 1.5161839647497009
3131.7893961370496 1.5120867113691445
2575.29464312096 1.7561809449040533
3809.4131194558067 1.459839623226854
2687.7045080396383 1.6485259088804087
3701.7615038799368 1.4618349385617362
3794.9918150577737 1.4615616032185983
2610.5975187586164 1.9062615546455661
3643.856311422386 1.464368422243714
3642.2182401491436 1.4653372052286782
4947.799551762053 1.5846581518230671
4753.893782592709 1.5513560348310156
2932.493675875202 1.5593957950012967
4906.175340562344 1.5802263935255496
2740.809900223032 1.6267047162281425
2926.822597541956 2.1394481003765935
2789.8993293035874 1.607020063990929
2585.5384951466067 1.7582056131838588
4633.561917662134 1.5393181431172756
2764.8273321030665 1.6187384609436128
3456.924073488656 2.3999610929869237
4797.262178706231 1.5670101649723696
4711.355502202137 1.553677167211623
4918.57359932085 1.5918523684315269
4254.746100282041 1.4968579515194245
4241.43652753571 2.818528995794525
3541.420890603684 1.4815641693051442
3027.370475668415 1.546474783023363
4929.585594283862 1.6031585172205147
3823.8599980254244 1.4817772160450173
2961.0160612320446 2.1497383224552102
4991.264798244527 1.6176634082485337
3295.938600637095 2.316948348303385
4950.770338273813 1.6125019893055759
2964.611542190922 1.56685850757483
3120.1628460699276 1.534571377215212
3550.9313579656464 1.4893684713618827
3274.2257255242953 1.5128498946538604
3872.616955010304 1.4872104109058164
4100.855226220522 2.7142562718784715
4520.67611225196 1.5454836417537647
3810.649829262876 1.4866344004099517
4802.219157489717 1.5900500608761055
4100.304920472614 2.7136263261100413
4282.245235030275 1.5167697559266788
4658.590705689454 1.5684448014476142
2885.780755927602 1.5922443451126682
3931.888315447453 1.492797774245733
3935.543491828462 2.619951308960777
4421.510895197583 2.965049983499005
4445.527444810246 1.5405102112755074
2860.47169134505 2.0856723804970754
4337.298085358419 1.5294569509831997
4889.005205940131 1.6131903745962115
2646.951727341643 1.7205771277069388
4769.94151431254 1.5931078845657112
4357.685500611563 1.534535164056029
3512.2069536154586 1.5005781237362297
2887.7394534220366 1.5971522238361362
3456.6289038193745 1.5039959253291537
3665.354218865219 1.4956053662180298
3444.1837340831626 1.5066552063376195
4669.125684039078 1.5822270674456962
3297.956074747806 1.5206167715029673
3260.418162097414 1.525244466362941
4059.7999579120788 1.5101238049225794
2974.927555965249 2.147355156029455
2869.810293535522 2.086001909062405
4192.818987186147 1.5220534395166583
2673.4537979411148 1.932571015086995
3948.4768766357547 1.5050115881065658
4229.765959901025 1.5277887941117922
4409.287137838131 1.5489679151736009
4915.555900116303 1.6289828100573225
4335.480149162959 1.5406695508395716
3983.4886159347266 1.5092803359496438
4597.228126940587 1.5771547376879134
4518.651712764109 1.5660785001627113
4075.2708425527817 1.5162845028758616
3620.0112786160494 1.5041691769208638
2693.6433230999833 1.9493337213889754
3811.689939566249 2.5480759303781455
4020.9751405514535 1.5145611182612826
4140.511690849445 1.5242070938225822
4103.347430390231 1.521485978305831
2853.518398004866 2.0707001130499574
3213.646098294963 2.2650768616093515
4635.473548539794 1.5904987656436573
4757.897591360543 1.6112790855789527
3216.3176223521637 1.5403783204718395
4085.51371779679 1.5253835756996388
3069.77727058232 1.565371376584617
4409.731563100105 1.5632383567520973
3562.7900532265735 1.5157531132260207
2636.216775695273 1.812329618378755
4746.624540698502 1.6167079447158534
2665.939864809437 1.8982293149833303
4230.081606533359 2.76771981655176
4170.910734105361 1.5411431067877521
2993.8855185490975 1.5876003130369474
3954.541181969723 2.6102184669070523
2775.9199500910963 2.0064807678129375
3266.308180297712 1.5420076094993147
3659.5593355476262 2.4659767683112497
3156.3761744155236 1.5579835804117603
3949.1732283695046 1.5271585783870643
4263.110477628238 1.554466672628501
3556.26008950637 1.5233908990606362
4568.699436751505 1.5970694261661404
4666.183059378564 1.6126570091717092
3717.2562883835362 1.5224152878374044
4257.210053412129 2.7799763179923396
3981.834020114149 1.5332965469878588
3475.907893793003 2.378262924778102
4192.4774576695 1.552423023755099
4810.295280136113 1.6412320975713857
3907.2952735763565 1.5315358305103013
4625.043138884771 1.613348333660085
2736.8499676622314 1.9600496258570226
3809.3472890422 1.534011270795545
3716.541986200241 1.5333230808315268
4234.159247496851 1.566772420924783
3817.6693063162675 2.531520211549003
3793.7411468902233 1.5353292285363063
2701.108346535086 1.916108479910045
4917.079579218014 1.670542430671965
4903.107342384549 1.668539149568247
2939.6606893063226 1.616954385910084
3347.0944531548917 2.312610720532248
4811.892723571909 1.657028109756901
4514.026346249069 2.9914031514128623
2672.4800330069565 1.8022320703198957
3882.331892478371 1.5441369640064009
4297.974808740364 1.5813928103603136
3284.6744914065034 1.55876782318496
3530.2550304775314 1.542540003669532
4962.324700825142 1.6871181380100133
4484.658796562827 2.9464211458158607
3482.815422341991 2.370923293213215
3564.0601531040193 1.5437079375534855
4604.136927894532 1.6294065659982757
4982.530617816299 1.694158521652912
3792.2012793735225 1.5457330555289828
4145.0989902657775 1.5712997945766094
3122.9512166904833 1.5862351356759152
3904.6321227606986 1.5526770653427884
2877.9596886256663 2.0565184302102817
3770.7379965349637 2.5010005806663376
3514.4476260334764 1.5487992060663243
4453.9857385545 1.611154003105931
4428.55277520867 1.6079909584349314
3839.903444582003 1.5509539877045817
3758.440144082637 1.5483022285444585
4356.924307402995 2.822995175281394
3758.8390321495817 1.5498261001106635
4571.108621813299 1.6313422085046865
3820.9996434868985 1.5529992927233183
3289.82956107877 1.5675653803445848
4208.274085617535 1.5853041785645965
2717.572616303022 1.9055697815708887
3313.749337756255 1.5673991005871515
2745.1227668765637 1.9402772899238285
3534.9991297713927 1.5551830627217467
2750.5789294299675 1.725942825638276
3356.23662825532 2.304394019326706
4393.225060763095 1.6133889505043593
3093.928033649054 1.6006798522584094
2817.7757169027914 1.6851657234536481
3674.754033577184 1.556700235276699
4180.5411852951875 1.588769751564452
3588.187994563612 1.5580996409984893
3221.034683986089 1.5839237708294736
3970.750488724946 1.5719335965443846
3392.5323310895915 1.567386479738265
3129.5199621025517 1.5978765750717991
3481.4864696414897 1.5631054884166193
2702.551687125561 1.8363478286199908
4755.140280608729 1.6765257910905476
4932.614481804842 1.707382862133943
3068.2293608344185 2.157912764224919
4421.557260111348 1.6254320380062077
3608.253959091037 1.5627652576145352
3811.2825336719748 1.5666971668610772
3548.962372876599 1.5638675795933095
2837.813737463651 1.683985590867574
4676.541025782231 1.6657207507234382
4103.364368890559 1.5876781705213066
3583.9167269998566 1.5636267294997332
3497.0673114083006 2.364427808088756
3102.33900820911 1.6070368243046447
3090.9350598391256 1.6098543299376324
4531.67238579329 1.6456862842049582
3712.060635326505 1.5663832646060376
4223.05309493595 1.6046287402371746
2793.678431954854 1.9715533939501975
4841.373306098803 1.6996142356766109
4569.417160237728 1.6550366050850411
4357.092755732579 1.6243162037202874
2862.682284236103 2.025355369543315
4526.355616240802 1.6502471831243806
4350.620336130606 1.624968671635233
2811.4038133177814 1.7077432827234633
4480.6170341013385 2.891796694453825
4251.559828680926 1.6142721940546947
3351.4517353417373 2.291504245883224
3250.973060073617 1.593102318984258
4043.6295813732545 1.5933640439062797
3069.841008198327 1.6220500410783443
4275.050942144656 2.739972010070235
2921.2068471362954 1.6630183761370014
4494.120474676142 1.6507072223432078
2926.5110101261944 2.0648227109158315
3479.097336356717 1.5792508082117431
4427.023192246638 1.6433775377018196
4354.60665033672 1.6337760244364232
2964.29964698048 1.65210470384571
4868.293266583969 1.7154126648941406
4907.329624682785 1.7222500262229286
3335.061133393274 1.5890814308324275
3938.2949867725456 1.5906709204416127
4754.553370911069 1.6983131997231342
3876.4645395670286 1.588213528257076
3699.7148337524595 1.5813965316923224
3988.487986319886 1.5983968079298982
3947.5315912275328 2.559933300427887
2876.7452175450776 2.023191086585974
4271.373248573397 1.6302966919232174
4001.620409681073 1.6013186165443989
3318.746452893107 1.5964585387745285
3304.384579358098 1.597817035208544
2844.2980801599433 1.708205037724055
2904.4273548412607 1.6807856912880468
4258.241808793949 2.7195544496474864
3388.9111071864077 1.5923303489209262
4584.138394804579 1.6777072289672827
3016.1614495842828 1.6463017420694084
4950.525498587197 1.7401256198228692
2751.9939114522244 1.8785256159777988
4539.774323635717 1.672164710520467
4475.729187152974 1.6629887697356247
2867.157595093523 2.011164912863151
4722.175446599663 1.7027282426590264
4162.437923534864 1.6224235720687938
2858.7235086828227 1.7055590523179291
3132.6242225610076 1.6251273826035848
2989.8750498199156 1.657421594116488
4330.564249268443 1.645064695071418
3202.47737601186 2.2088981479547827
4797.628135273062 1.7178725780142268
4528.755677177406 2.9066300718475495
2835.331902894809 1.7216027692225113
2994.858187963874 2.0942175921486137
2752.6904623536043 1.833342216131385
3260.833319468515 1.6105141571976478
4534.114906804126 1.6783196854553606
3745.2559446126074 1.5957631856563252
2754.7264892335384 1.8456956147650556
4273.4144635597595 1.64187165593919
3806.224085415576 1.6002764805834617
4920.1929610192365 1.7448407478882786
3035.9744169593264 1.6520182002386157
3976.5190196675744 1.6128669728288785
3787.3165009708755 2.4750664212577007
3779.7153467107737 2.4715810191184953
4708.461642245552 1.7114605914317824
4696.9539337944 1.7097013200607296
3292.049021789849 1.6118249312163484
3805.2026890177945 1.6030439090100086
2779.9738611847765 1.7851781369631496
4909.236083100986 1.7464397545193178
3213.7261052406325 1.6214618194976627
4919.625951470412 1.7491625700873858
4130.015675965911 1.6310426948434233
4670.117940607441 1.7073776319209621
3700.7970484438747 2.4339060040024654
3923.8177655519207 1.6125956846316705
4175.242924237438 2.6604348946251593
4396.6815147224615 2.7901341095285557
3654.312266336298 2.4125596158274614
3916.9787953618643 1.612830908148951
2767.992140941342 1.8338931877390123
2806.461394033908 1.7669977107382775
3910.8501846437625 1.6181602857258075
3381.4458434117823 1.6136197484974282
4086.6830724866927 2.609021155016091
3710.2480795533634 2.4330767310148342
2838.8616126988463 1.9614295512521154
4081.841242560483 1.6353088579948345
3971.3643011336785 1.6248834120177706
2936.3127360355215 2.0423113319520083
3055.305633068028 1.6599123744084647
3711.3873692970546 1.6114035529309274
2935.776787903349 1.6974397688187741
3567.9327221247167 1.6099444733335166
2806.5541476188014 1.7805955838930982
3000.139074123954 2.082721825669731
4234.45291667731 1.6559706661835936
2872.0671484343484 1.9870323403076993
3788.887315401281 2.465115989146563
2798.206020121711 1.8021147224863734
2809.7185866507166 1.9134837455010854
4133.547240337824 1.647689977022722
4243.653384216992 2.684973351282953
3691.6299099605 1.6155334396237488
4436.929940003076 1.6879820256502165
4007.6193382495208 1.6354983849390403
4443.083526623363 2.804888173088722
3478.453677865282 2.323629459566193
4462.753432753861 1.6933679934573387
4527.144048730544 2.865437136623785
4083.1699856424166 1.646480655763686
2885.1347518453513 1.9917212472094041
4247.881790323377 1.6660028630888253
4885.881266605932 1.7652394610830955
4340.418358345032 1.678892860675711
2967.250692807109 1.6964833765683514
3367.504908893563 1.625879689664276
4731.769022866671 1.7401591716698077
3785.108865048239 1.624863013294789
2841.8959153701167 1.7649284876264035
4907.085281068623 1.7706968469926871
4527.022324258266 1.708275717596209
2802.2809110182266 1.866408592921096
3999.7596029866577 1.641689909494107
4126.93792757133 2.618074464755241
4951.500000933829 1.7795676109505723
3727.8225086101866 1.6249329181632408
3010.269186916783 1.6873784229370485
4307.069670708528 1.6798574276749152
4720.838259597816 1.7441203785073753
3720.123565600337 1.6272372104580348
4526.3187926774035 1.7134820788408864
3102.651306747509 1.6666039588370716
3217.9751826233273 1.6473021595926884
3749.9922577396715 2.4388099898285027
3667.7391149137648 1.6272528875114223
3582.191461821879 2.363065228650662
4177.999649680231 1.6670320913984018
4858.024517065351 1.7699550739715277
4256.374667219358 1.6778968741559845
3347.3016330241358 2.2544835431837984
3819.860688150097 1.6350699494913157
3731.99333882202 1.6309916890834644
3307.47517019809 1.6399910394620636
4658.201793960739 1.7392519412633998
3241.024389868192 1.6479784457264155
3209.6173949736462 2.1856413136941497
3258.515722334543 1.6463567695650827
2956.4304750582182 2.035139498482759
2938.7566629045796 1.721804385286995
3901.5336794581085 2.5042536823994417
3876.4985455707665 1.6426760474855362
4982.450791875664 1.7970269593885893
2869.11229706995 1.7665574982800707
3310.0913361666194 2.233329003797822
3143.820759698322 2.1482564030878377
3702.7926385305814 1.6351695535613022
3591.531752890984 2.3629063499468947
3977.110436565147 1.652848705050196
3892.9692139003528 2.4974265679358276
4873.740412335713 1.7816152010823774
3303.5511007893647 1.646909257016008
4820.614046348842 1.7730461298527764
4585.941332491871 2.885642564307252
4382.299806561943 1.7044909973054079
4542.665438749819 1.7289289839665258
3259.643395311798 1.6531909811655758
4296.001427846242 1.693798719894975
4164.225118639866 2.622639268189222
4690.269497658653 1.7558988505542195
3741.6294079847694 2.4250325765995413
2847.195303211814 1.9008264485457567
4666.629296133776 2.9516863814252763
3810.8925058426853 1.6505307584322257
4586.273408109621 2.873613477527679
2898.11381827813 1.9660317085019305
3833.033963868668 1.654088619707836
4056.439883320475 1.673288487562864
4491.0084167468 2.799313891205562
2866.7071655692707 1.802199099766969
2861.642094759445 1.9119676872534759
3205.293101924523 1.6712628247065484
4612.32654657 1.7537884461635365
4481.893333863245 2.7901189903311105
4405.0855468238315 1.722842644443743
3441.2537184805715 1.6525224804614167
3446.8433335473933 1.6525095713424258
4037.120995979548 1.6770731468765898
3764.38056563043 2.4280757641713144
4534.1793350578155 2.8235696821269305
4614.3478419321045 2.885715121986792
4258.045742834695 1.7046013520763454
4285.490399493734 1.708696576212115
4417.675872721469 1.7278091836012464
4969.597995688629 1.8175253779109644
2944.857763561908 1.7523430963690692
4996.611127854429 1.8238537624653692
4383.1997075016025 2.7238428279982276
2948.6834757713536 1.7533116000655415
2996.2056297678428 1.7316710088766945
3065.933442858656 1.7093879887873904
4720.531092357805 1.7799341326801672
2867.63026635405 1.8643101262666375
3841.4609970168144 2.456774918975137
2985.585067579025 2.0247618914071634
4619.988296108546 1.7665743553574973
4140.101661720934 1.6982776731093883
3753.446098133857 1.6658376937405883
4198.341706543199 1.7070362273635677
3331.5930952478525 2.223687769354076
3086.9216135182 1.7101130050296778
4699.724994117745 1.7845289825581292
4451.717790234604 1.745795649633943
3856.4001752541485 2.459293834927666
4758.227750435648 1.7947853353997356
3498.212241952197 1.6658573905383383
4330.414451114684 1.729097849523796
3333.080217987063 1.6748698052797122
3186.410032576217 2.145828778898328
3243.812711063059 2.1759277156406265
4517.154870050919 1.758006637557025
3105.006200566068 1.7116869266602732
4929.265463712417 1.8265698194527742
4096.9490718317 1.7018196818498927
3415.702387556649 2.25928958399862
4959.191327452852 1.832464328371288
2937.5807053719973 1.968515176557096
4592.408870267831 2.842139687348524
3695.386713059117 1.6714265035852207
3882.541663296068 1.6822515998497245
3818.059240555607 2.438854385112653
2961.930681017106 1.768986211263389
3217.307588806334 2.1591395081275406
4776.778173901972 1.8037137090083495
3132.250326959543 2.11132954813317
2908.743043142531 1.9246620591843027
3773.7349424619806 1.6772574906918885
4900.2953733972345 1.8255024231093033
2936.9113487641616 1.9622607613081526
3609.1656653363593 1.672399884692258
2959.2515681320115 1.7747567476434325
3902.0819653470207 1.6874904045784278
4938.161690134157 1.8331724917082022
2964.744540920512 1.7724825126874904
3329.5709213526943 1.6839042277073786
4499.54917601875 1.763316173352753
4389.914680084505 1.7473984374643339
2900.6978826723853 1.877777143171443
2999.6652752630844 1.7588918129259954
3585.790230415247 2.3314208711375524
4136.345981603032 1.7158966472200758
4799.057053454395 3.054683176411045
4758.811908639268 1.808190441210358
2911.4876346998876 1.8461980894541046
4747.523862327779 1.8082266986132538
3611.9593645387117 1.6801004596079085
4747.706296994018 2.964859771049839
4088.722310979362 1.714038096014339
4288.878937063732 1.7398538367086498
4914.827620687956 1.8402562862832343
3119.6449949233906 1.7271046752474526
3464.4155866961705 1.6852059926646015
3306.251249897528 1.6961830897859163
2979.3548389638718 1.9861233848136342
3613.4910930669926 1.6846707979711815
4679.077429810722 1.8029356460066515
4778.801232013443 1.8198239306654411
3177.582572708232 1.7167255626207552
3518.8190920400743 1.6859932101025727
3501.1839527469115 1.6865174854574452
4248.101115037877 1.7392922907503428
4827.321253598972 1.8285755647285342
3185.3967124654914 2.1272080805467035
4483.518507314734 1.7751093625891412
4234.267874005196 1.7396121430323237
4411.551149312139 1.7645831212476992
4260.565344528599 1.7436827747097507
4389.118228144418 1.7622441610168098
3764.352055598249 2.401264315090373
4549.383319982846 2.785884090515861
4833.360960375212 3.082172239118419
3277.7751768226135 1.705725606342864
3622.445165271764 2.3384157740513736
4684.184037613948 2.882872018214213
3307.655695993313 2.1889489776746274
4644.193065098473 2.8466519290226273
4766.666154656676 1.8257104997992826
4869.881770574253 1.8434556144965735
4476.8657139661855 1.7800836425867184
4355.268145048923 1.7662385587236722
3946.090540537875 1.7182318115386275
3335.8755363470086 1.7089497734680614
4501.531202269446 2.7457464947926136
4819.72408044654 3.0093522871257967
3438.187455282952 1.704308263140503
3380.6666692210806 2.2185684524652367
4092.994677634439 2.538208484770567
4372.833506425022 1.7730625523293566
2987.2745314946824 1.8191112065608765
4407.929666207994 1.780488488476487
3812.7574399759824 2.4117050463606544
4409.45667250995 1.7816750947399889
4213.708254577694 1.7544982905985147
3915.058858963298 1.7220903387658144
3450.871853684006 1.7089501303355663
4016.7969558064046 1.7333769774387902
3124.5750949342487 2.0714836907344725
4100.847003016027 2.537042512284299
3082.53222109151 2.0415052892106544
4940.259702640343 1.8697781517730154
3078.120533638041 2.0380329386809284
3051.1957950688575 2.016073812427674
4049.8398097411196 1.7390169890426832
3308.5314335788426 2.17628578714647
3021.9719878092124 1.9868523521633321
4372.908181222671 1.7811978975225011
4194.329219120753 2.5780276340721797
2977.8616022188075 1.9229213132656922
3845.173477062614 1.721572806908208
3028.892383669765 1.804310225120552
4262.408830045503 1.7686721322763106
3342.639558829955 1.7232585849035917
4515.38265238478 1.8068720551688253
4169.267320879196 1.758052105059721
4338.964874205926 2.6438951544838574
3810.342409915124 1.7234244739271198
4600.505300094903 2.7876603117998475
3866.9289871627375 2.4278025435008765
4366.629706898482 1.7861285977852641
2999.8834564435615 1.9445718691334521
4765.708746496137 1.8495610900040333
4976.8093046234635 1.8852977408964449
3336.719310586056 1.7317423330544468
3303.192517379065 2.163184987642065
4589.216550819539 2.771637893970935
3005.9269562828263 1.9285653131488294
4470.829153968097 1.8098326980353527
3402.628028207113 1.7295037180653647
4723.633978130694 1.850151672776662
4764.159277082249 2.8927048803395086
3153.2558509473247 1.7707953629118873
4257.492948873028 2.5944347806527266
4708.8121232266485 2.8467718659704877
3029.0069439277518 1.9595793748534287
3021.646297525358 1.8485930826550214
4040.0320222135847 2.4941267648658716
3853.7471245779266 2.4122671534328957
4988.161078354813 1.8992116800855197
3277.4760448425595 1.7487235225638047
4145.8668925043985 2.5400809244329356
4517.66177304926 2.722093964822614
3848.3153229656514 2.4089304436933894
4166.872395243783 1.774620038675706
3678.3042681642787 1.7335654715041684
3948.0472378524732 1.75126361528624
3731.9816511989125 1.7359880096728648
4674.345808940138 2.8142260934413192
4868.599699871161 1.8830264304202888
3792.5827909798054 1.7414763762071923
3119.801103532149 1.7949654655878713
3609.826116684488 1.7355527479726414
4080.0375800370302 1.7706957408749902
3169.8358314201514 2.066246053004846
4739.653459637743 2.849457790964472
4740.435794036789 1.8688289758591958
3622.3850625741097 1.7425175464914469
3694.671672313015 1.7448097609983535
3734.3668768058415 1.7465028445436959
4280.377332227683 1.8007516469450342
3383.4700537468084 2.1881466404172785
3246.499032500896 1.769809917004352
4926.290244913265 1.9020538179370354
4361.674087937085 1.813685188603607
4247.452600939788 1.7983162212208537
3198.6869894038136 1.783651456147054
4355.233506558751 2.6243069304840034
4426.117831701634 1.8245591882805698
4457.270954248107 1.8295435709232652
4881.140115816148 1.8983234420945851
4558.213716350063 1.8460575722216825
4337.575690255898 1.8141545056586912
3301.429647916302 2.1394478217831336
3434.863309206211 1.753685214807057
4705.550658482026 1.8721513325412558
3350.774992330166 1.7625173294903906
4383.245546672739 1.825042621450855
4650.219739197049 1.866196259720152
3572.706118740102 1.753785760438935
3689.6840980088587 1.7567996655585416
3105.6395262482242 1.8402474235840443
3291.1397347646457 2.1269478868430207
4089.61682615606 1.7896074973878742
4165.03555299913 1.79924608268273
3246.1311056796276 1.7870991023629403
3393.52473866066 2.181273427128996
4811.2181765216355 2.878315007188442
3199.040372692016 2.0657777040204697
4022.2072518121004 1.7846483239219726
3523.1597962966243 1.7606157999478511
3562.4118724792343 1.7604127725602854
3479.771185143073 2.2220022536810538
3557.468396989735 2.258565299354563
4809.782739685357 1.9001058155547712
3223.0569236345764 1.7992469855625564
4772.809471671308 2.843482080619219
3640.312030002623 2.2931300785655253
4709.473309907206 2.7961601037074755
4756.188247149777 1.8947641207523165
4894.644226104716 2.93854443794179
3119.3418791168683 1.857124764670602
4979.2281798210115 1.9332199093546796
4175.422684114074 1.810955350475908
3942.741913019191 2.4221547148348326
4145.810705893893 2.5096689833074897
4225.334036063947 1.818975816060771
3271.518320544572 2.1017688153193275
3943.4948078776324 1.788049646529586
3312.344024361831 1.7905778748950127
3888.0804770061372 1.7834813587683813
3753.4860240646235 2.3392744706525828
3601.117097874527 2.2712277622670185
3467.0283073615847 2.206366735702551
3619.332893588859 2.2783570001869027
3188.304008442566 1.8273951283097185
4658.663266961938 1.8857413883163978
3217.4461746999527 1.8165110502843356
3121.0776277560985 1.875161724160391
4300.751658447138 1.8329361422590202
3781.964621801268 2.34963377061543
4721.7820866720685 2.793486198388658
4654.2917600198425 1.8862322825326687
3355.8599255767076 1.7887014677700739
3551.511276328018 1.7754828052808085
4472.109751548017 2.6544331393949414
3177.2907537232745 1.8383513547078218
3115.1241829396663 1.9007248566158657
4107.973704212967 1.8105601599122252
4718.169687888792 1.8988456523046007
3166.885808088364 1.8468148602684622
3612.0523206037356 1.7774844471994746
3352.4365276827875 1.7927397428618845
4269.441436332339 1.8324827418424097
4229.432368242143 1.8272248896687449
4488.033622499884 1.864017165130295
3257.68877486314 1.812268236229843
3184.3183352104975 2.0272089057854865
3554.9716100221053 1.7797624609433633
4686.086507668792 1.8968727220192667
4095.626609515102 2.4798014402715527
4816.381564533168 1.918506136254157
3169.249436188485 2.0075853934301087
3127.2702525211503 1.9398125026499786
4641.452692333564 2.7362876295866725
4802.9651290336 2.835450254697074
4378.963377740974 1.8529104641399643
4333.5617462727305 1.847576953307397
3319.396687262998 1.8071627141662583
3735.3263300456906 1.788543232358248
4277.753637174956 2.555146143584041
4675.863369300445 1.9007255576368915
4533.910406263642 1.8791814619965619
4547.587655912333 1.8815021073961422
4785.69068699774 2.8179777958919923
4073.5871559877837 2.4648338526504294
4115.692153587553 1.8221658901007334
3585.9348739673815 1.7875335058782154
3456.6224188213064 1.7927083891030031
3646.7532823058486 1.7880603488035347
4404.447225679825 1.860979126482637
3590.457023077937 1.7886647588501732
4470.050828679111 1.8712476865637324
3400.965182013926 2.1583306956350787
3667.5235322300377 1.7895331161425352
3218.61509070447 2.0399307074142286
3971.5195670804724 2.419726638510176
4616.352298676762 1.894528005739295
4858.9118444798505 1.9339634485795962
4681.469764871614 1.9056515007903847
4326.327509607621 1.8519943963342287
3751.045711256374 2.3235726084533046
4920.615355379656 2.9143537011789054
4416.12510202762 1.8665251298790793
3165.510265852914 1.891877795019528
3204.3581520974963 2.019532182037333
3421.587864046691 2.1651723665488665
3279.440275788333 1.8283181326310196
3900.2413463839484 1.807107370229728
3467.8475885695693 2.1884881594687475
4433.848664979342 1.8719710113218369
4058.9206546586797 1.8234005009257106
3200.132776594422 1.8660044775021372
4555.70646667317 1.8918943327561955
3247.2055066215953 2.0492640570514786
3569.736610940866 2.2353116362992274
3397.9141790659824 1.8123439014622358
4082.9595513355766 2.458855837746954
3215.4190739019577 2.0163945661371145
4789.493866955001 1.9330685440424946
3777.7036229222567 1.8065179298129999
4211.547789794744 1.8491547444974807
4997.534660154175 2.9652510055436276
4731.978029111548 2.7634255423633314
3406.8801997473333 2.1461165874193027
3249.7679646175907 2.039338321443865
3901.4287659768092 1.8186371862660304
4407.885912810284 1.879215640064948
3274.651897676379 2.058106704525554
3390.5860499999785 2.1343741601857027
3602.479573655186 1.8082045851377497
4698.148445913929 1.924679050687415
3910.517296575765 2.379240494376085
3476.4165453521414 1.8151227344508305
4855.72334628729 1.9513830277098854
3756.843552200104 1.8124843985748147
4415.844559340379 1.8822846752423537
3817.7586065670766 1.816250803277366
3604.8892620951106 2.242237476653771
3586.0470810340903 1.8116965076353546
3216.3656913350405 1.8938045040307447
3957.2858111232604 1.8283015868121093
3271.990002888354 1.8593901004237392
3687.940095335271 1.8127559766316237
4050.9686649223477 2.4367015112865102
4280.749858634456 2.534794541987132
3201.3283087975683 1.932234471879557
4320.652412773251 1.8723728380946474
3596.0140564816834 1.814167311488646
3233.0631322351696 1.8893373368728779
3513.3944758795697 1.8189904650786526
4614.36575174336 2.687472913977222
3780.862838017453 1.8204425629596044
3213.9642587122194 1.9225287871552397
3434.170149252609 1.828660146145557
3531.970182861693 1.8205360214490514
3285.30976492606 1.8660655648306055
3750.69114881071 2.3027182638570807
3671.5936113764374 2.266797192007049
4712.482597981706 2.7349328721091855
3321.4128742635203 1.8554429242385566
3283.373298723948 1.8701169194560303
3670.04471616252 1.8207871381093372
4599.219923367366 2.674878062643182
4799.827366869283 1.952874286283697
4400.704968723747 2.580712267540364
3553.158729555925 1.824468969193476
3537.0510528294276 1.8254634829837304
4259.2993826179 2.5178122876571303
3608.5432257480816 1.8232739587689413
3516.4153916154874 1.8280213129975822
4913.062326106633 1.9739550789836682
3589.478784023877 1.825610001832531
4379.973373309513 1.89137810130462
3975.3071838817596 1.8429548957910746
4633.97010658052 1.9300764547242117
3733.6336319517827 1.827815179910349
4639.737593602412 1.9317765911596216
3249.398628393313 1.9124072477216358
4287.11423801295 2.5261102928502868
3409.2374197898803 2.124403410237688
4466.258495090432 1.9063128415599184
3649.6292070207433 2.249044295883305
3822.956184400112 1.8352819207393671
4026.9728767854635 1.852980561035028
3474.566056726934 2.158699491531585
3348.553064311822 1.8654787226079008
4910.744378787234 2.8407533145785258
3343.750713285811 2.0733932388248184
4045.0500117238807 2.417847605180942
3346.123901920787 1.8702903754862032
3256.8706139818946 1.9463873112066366
3452.250869595285 1.8489503296577217
3586.8477394508154 1.8377937248215286
3427.615114961334 1.8532922949203616
3639.1436607108703 2.2377906429577714
3434.109637085297 1.8525492021954613
3752.8246760110533 1.8400091499733005
4898.876430488149 2.8238960086469436
3343.3250788589735 2.063940497852954
4981.0749535653495 1.9996039719937406
3851.9516139667435 1.8473369979439864
4959.267645931723 1.9963650376871316
4514.319277602951 1.9252245908217107
3792.9607156627585 2.3040885537059403
3316.523473147266 2.034415656607306
4569.828909305801 1.9350811496618985
3347.9995960498695 2.062085310198606
4139.754179024257 1.8763130213166135
4842.981334881132 2.780970192967759
4068.342279434612 2.419445190800698
3304.3480138433724 2.0130751062526127
4339.689019199212 1.904002428008218
3467.812616318761 2.139889248151599
3818.9492750273707 1.8508726944126188
4418.588151913417 1.9160895589563254
3398.120675174543 2.0929868246759
4076.253593891402 2.4199421067905984
3831.4317898224936 1.8545249913483532
4073.747260415892 1.8748617955966727
4554.898358562021 1.939061611817901
4398.93209254187 1.916258511782221
3565.4623869228626 2.189046673473094
3792.06158448942 1.8543305010491575
4329.234611373452 1.9070699834726241
3686.68105904932 1.8531149624464407
4974.650640681486 2.0092076315863667
3770.343024376955 2.2847152966015516
4216.243299630334 1.895424834398223
3312.8706840028553 1.9908642581170746
4633.15812286789 1.955397687869694
3962.3027542127843 2.367209340832101
3478.522638429538 1.8700423448803634
4419.938481726574 1.9241335695397621
3762.005510107881 2.2789965175712257
3695.8084056136113 1.8580399839302948
3893.5970390200027 1.8656990466266314
4666.256921598946 1.962632505883991
3512.5711766757554 1.8679697227529088
3948.948487433985 2.3590618218100077
4320.313328776288 2.5157864343099443
4338.302251320355 1.9148056968261327
3857.1839732777503 2.31929789575035
4399.833632568489 2.5493599504574633
3718.081468458574 1.8611730340829127
3330.332874258136 1.9999892422618382
4514.770541011791 2.5992012366304404
3467.5481386408906 2.1235768999657765
4988.723513296208 2.0192931804328915
4204.88309371352 1.901005920101881
4513.090118415667 1.9433758237868277
3340.711714971154 2.0082268047450227
4521.319299559086 1.9459460876105144
3657.449932473161 1.8659373967190431
4638.595507439246 1.9649004160228802
3772.518864695245 1.8681949100867772
4540.822585047477 1.9506086465983994
4133.5952721763 1.896228473334451
3424.3768990075396 2.0852311378838633
4830.329191994273 2.7479453340294335
4764.737065925767 2.7122975640127223
4638.4491503607105 1.9678156498907473
3695.6222445704784 2.2376226418256593
4640.473395390898 1.9686004418530931
4593.975318113172 1.961875800623208
4654.607184017705 2.6552580469461184
4446.706139306709 2.560123315847685
3803.1784313143557 1.8745359681408185
3523.867321947644 1.8853511021099514
3442.6061760161806 2.0902536784471084
3390.541146931231 1.9264420712876993
4887.998076231656 2.0119456188463163
3407.6129657409674 2.060202037439751
4005.5053618386805 1.8900152914499815
4019.778279949209 2.377386441727402
3877.100964305078 1.880709480285748
3389.743191681209 1.9307376179512437
3757.231529523825 2.2620005219297994
3982.2971360338956 1.8885894810135009
3827.4025830767655 2.293572178729879
4683.790503412911 1.9806596656114346
3704.93965567077 2.2363398117698274
4894.071305375311 2.0153402295290057
4853.625805517486 2.009006886835123
4928.043318248011 2.0214580395613977
3369.7247535813945 1.992161454292106
3578.388278352368 1.8851739337117617
3667.848557723556 2.216084455500133
4049.2020103004884 1.8984433849066682
3877.6228154410637 1.8854124514623665
3378.7160720998877 2.004239525010721
3882.481761502014 2.313962204398021
4318.669509218133 2.4973748572867036
4247.323554048652 2.4671636236088625
4805.59818727784 2.0055533035354127
3583.0390401544996 1.8901836810432155
4614.636549869293 1.9754326455356268
4366.175694529996 1.9390424802363513
4015.6611838868807 2.36935109091835
4815.1718261427195 2.7227127099812733
4050.0605981117815 1.9025691789909571
4415.784566257994 2.5367369836063753
4384.074891996096 2.5228951026056863
4583.05793362396 2.6097891745297286
4914.934466127036 2.025393785499034
3432.084507076031 1.9297626921424145
4820.253805841974 2.722522688435818
4474.0935917356055 1.9573420415893168
4603.035631933562 2.6169915828828603
3626.7291797517064 1.8913993083487781
4533.358724830963 1.9663751827519027
3831.3054560451696 2.286236592215194
3456.6247033081763 1.9226689169476063
4766.366124838002 2.6941516665774587
4665.998315716243 2.6448545160711725
4354.968050609789 2.5076046809380905
3668.709961487024 2.2078142302781614
3399.9361461626786 1.9872659988807846
4081.37703761532 1.910505404176255
4291.600957455649 1.9354398325635147
4106.77511965188 1.9145288506174407
3565.632361053393 2.1480749749389303
3547.735639853648 2.136503398495098
4802.24357342839 2.0134145261391185
4490.403362780925 1.9664949612317921
4235.461969957239 2.4524230327475953
3779.6518885146725 2.2556980131472586
4450.903600951017 2.5425330813473743
3741.2008591470344 1.8974632962553686
3579.6632708771162 1.9082117668862568
3526.2146093189376 1.920460721909946
3734.386094885392 2.231284266379337
3586.926263827005 1.9104138354093756
3937.3014523546904 2.323381379968907
4216.478673106675 2.440377544079007
4047.0492297786536 2.3694879740067583
4485.676002701657 1.970718895120719
3695.5549312370376 1.9038679356384756
4718.309690034345 2.0066848315324446
3586.967765276652 2.1502203461789215
4829.170893386975 2.710962939223266
3786.766355880766 1.9040542234987081
4027.167668124237 1.9178689208223514
3709.275804342258 2.213906442677085
4662.577291605365 2.00035967391641
4609.30089976542 1.9922971972185717
3971.139338385928 2.334098410642535
4764.7985292627045 2.0169045507737873
4829.5039568916345 2.0286121075524597
4643.07185260771 1.9993938727573992
4995.415272635747 2.7970300051869548
4625.9460527967685 1.9974876638131347
3862.6648804829642 1.9123731633279477
3814.816954303461 2.260883452074332
3804.385648021707 1.9109788080167152
3811.7756062855947 1.9134828740558167
3926.5463079187402 2.3091258591234674
4614.359304758617 1.9991166403883678
3714.810896376807 1.9151210445614442
4979.421790058074 2.0581510175799878
4667.4172733865935 2.6240671178966912
3799.7785180512956 2.250928946840979
3569.1602284248324 2.1250262887178044
4441.678906946592 2.5253362277689195
3842.267741939676 2.2703937058531545
4246.544790923706 1.949237972184077
4064.454448774124 1.930848680609945
4681.8733337689755 2.6286854985574717
4725.1328115746455 2.6483799097567498
3541.496439982686 2.1012000346461117
4496.091874923459 1.9839918850525489
4397.244088036701 2.504371812042841
3820.6091512205267 1.9181443251723802
3793.198653275207 2.2442766944836534
3501.940575719911 2.0601845312239737
4335.0921552125765 2.477104779479859
3553.171661714648 2.1059937841354497
3868.9150084082967 1.921121046462307
4866.819651399869 2.0438200270965305
4799.7307575178265 2.680934928092344
4105.474424747403 1.938013927321792
4782.477113552071 2.030561585928132
3774.2551225373318 1.921100332309854
4261.618441905077 1.955905740319873
3600.8267583895818 2.1368050874884794
3503.3766277219497 2.050912655865461
3732.0938591666345 1.92413016984295
3885.073159382448 1.924830206179256
4555.727131803505 1.9976312745533904
4650.192919996373 2.012411140132162
3696.087215939778 2.1898217443329635
3520.414884514166 1.9715426861956298
3512.631755949096 1.9779868857594003
4405.896153521095 1.9778881587514492
3767.2148840598948 2.2253584752406836
4237.0779508398355 1.9573399006067433
4575.641966918754 2.0032068482269576
4471.595152995239 1.9880703552428927
4479.716020624849 1.9894804223897367
4868.886201121556 2.050425476813846
4157.91315807695 1.9499007320895028
3685.8481699446193 2.1798686369960314
4077.4981437334304 1.9425904631874253
3648.1799003630463 1.9382578167913025
4506.676804160397 1.9949069466807974
4392.083528684113 2.4935267594864863
4504.30362162448 2.539872676369611
4203.808421357789 2.4142703225382425
3735.23351168879 2.20364476082536
4185.765267531064 1.9557256710058748
4334.028379582512 2.4674965314504123
3516.7774847848505 2.0316126873191216
3967.5420139572375 2.31281525105808
3568.1632761635733 1.9633933602556464
4770.174214856033 2.6549418047127475
4793.530879656596 2.042467741172259
3956.5975933494046 2.3067362653615646
4864.668577418409 2.0544243593239893
4286.873771110919 2.446031041322967
4094.288193240094 1.94943998878113
4595.749877528883 2.0127819127115316
3765.4350028798153 2.2154749986391056
4947.186735873638 2.069877028821709
3559.8486320466536 2.0783868340291596
3980.3325901016847 1.9429212283882935
4719.214068510718 2.033835759763517
3875.7467323983806 1.9388575677822488
3579.4932433203626 2.09496782502733
4467.040752583635 1.9982515440191193
4902.809296959529 2.0662024364784957
4240.019968327955 1.9697379618711106
3764.6009092665536 2.208937645001565
4893.928685927091 2.065332912543666
4932.36009826694 2.7255375711953445
3864.7152305982268 1.9434025179203112
4816.166620696235 2.0535973504400995
4759.892830152359 2.0452565714611444
4079.896819030102 1.9574156493193244
4193.975991374311 1.9686269955585751
3560.8240514836034 2.031377747670325
4423.326586698852 1.9979753599760028
4989.049304777039 2.0860808175703007
4734.819647963231 2.045099817627726
4914.727707798063 2.0743684188345215
4369.528802722944 1.992317144878723
4517.760258187525 2.5301756775205275
4317.889057105496 1.986744892539578
3885.5378799585014 1.9520704319732833
4632.91350716312 2.0310976400960654
4780.995577547244 2.05444213888563
4139.090554848981 1.968257114623841
4354.637060797591 1.992731724286641
3648.9572066798482 1.9738058917280588
4739.296211863663 2.0494656963196674
4883.208210854001 2.072669186183797
4036.6198325546275 1.9621910702565244
3757.268888782279 1.9597475016920616
3998.2664627409013 2.308040278914854
4270.786941965341 2.4235155893742157
4185.98536317698 1.9760772811179925
3605.0888960007564 2.0782149977541002
4577.581686586612 2.550025899252947
4255.43897647866 1.9843312905982242
3663.084352083891 1.9786693433063747
4284.985123349947 1.9889764461360473
4494.779166380042 2.0164596789349094
4989.4904400926125 2.094099141697901
3599.324049368251 2.0212777710051064
4295.213781236954 1.9924696355333131
3731.8301319101156 1.9700720951224164
4746.5905176257875 2.6180049350933605
3826.2855008103693 1.9655024558781102
3616.5818137970546 2.0241915519202185
3868.6037362698444 1.9657536387164103
3617.532924051608 2.062843151384014
3660.0776951090143 1.9979955739365955
4902.372023967107 2.08655306807715
4637.471776913299 2.566308797865071
3653.667194720264 2.098202730319147
4113.317712185313 1.9807768947109736
3878.585990392778 2.238530427401081
4020.173587663565 1.976572302218317
4018.5550357701204 2.3036818230806357
4382.186374619906 2.4571371780345155
3845.3317243728848 1.9745904104530088
4316.492921462338 2.0047696982928036
4586.731410264381 2.5404532589719078
4070.955724760198 2.3252453239533235
3991.281245865838 2.289540068342779
3660.75470018992 2.0905998166868893
3675.441804429084 2.105220310142299
3854.854176859856 2.2222531872725684
4343.501863499301 2.010294376669855
4257.548804444236 2.4019184276691994
4431.175196933284 2.022320835254165
4475.880523807935 2.0288909775483606
4737.122312679967 2.0673637720934654
4974.3084291829 2.7112524282819597
3952.9476080179797 1.9801565255987381
4067.211565867052 1.9856718986468487
3708.8015990414538 2.0032131686334247
4993.504624816914 2.109986498482102
4089.2145999975874 1.9879029560436052
4132.1706334433 1.9912253612515975
4041.9163732451643 1.9851286255143092
4982.189111314162 2.1084954288764775
4732.4033152799975 2.5975851520056232
3696.7883535635565 2.1133357721392745
4088.0945119216312 1.989493814764863
4060.358616962791 2.314280552739477
4132.443430673753 1.9935633103620813
3810.0310449332874 1.990761077458066
4928.281395677953 2.1032098760853217
4082.64631264022 1.9928061499598306
4479.38837587502 2.035139276322907
4745.979113679577 2.074349658233129
4879.9324269018 2.6587868290118064
4560.501274574908 2.0471618004673093
4286.110372181513 2.0120095816176655
4486.83087199879 2.03711542901431
3718.4260306788206 2.0166159053394237
4387.996887589888 2.448348450775529
4388.035300834068 2.448181511797911
4219.341790711706 2.3782628319839256
4983.369766883411 2.114197056224637
3838.3319777927595 2.200817006583566
4478.848696434794 2.0371071670422634
3753.5323870197976 2.1453929603775586
4039.9265535911018 2.2994719845828615
3875.0906602210116 1.9921747922825381
4510.452310529555 2.4970748582198836
4368.493297317311 2.0237225980106675
4632.321791775564 2.0606516437243956
4030.108175414547 1.9947544331917801
4690.313618495349 2.0697132877289075
4387.3684952139165 2.0275799100770437
4479.373794197976 2.0410232545640867
4291.184974082527 2.4037635958967876
3827.0002326084764 2.0020693332840653
3883.9846203961424 1.9979584691544316
4854.356429897147 2.638999388931634
4769.313947861543 2.085161216733722
4247.08316393468 2.0162906605310007
4005.310680146178 1.9998683895286882
4218.285229940936 2.013590888904874
3758.032121938372 2.023017387201263
4562.90332165514 2.0563229313940274
4248.339411234719 2.017597549275184
3954.921611127906 2.250681369825459
3869.8060507707164 2.204054690852765
3774.3648866592403 2.1402292864226666
4596.295714259713 2.523513398510086
4030.694708936307 2.0052248984178083
3786.6861483809084 2.023306085248706
4126.720387202319 2.011236550752088
4304.386853681434 2.0273849011561884
4133.748859052022 2.0124064694671007
3736.7177387874303 2.0828917052208915
3774.67479008801 2.1336811390210166
4122.246150725833 2.3231994394587225
4756.60541652531 2.5880389646271746
4948.628140379613 2.6733331770705235
3747.1927161886683 2.0964301724373167
3752.8825474510254 2.0510335724660154
4066.44116545896 2.0109297161020687
3919.0571398768143 2.0110235371123273
3756.112449906388 2.0532945688150477
4553.959705000108 2.0636581243702636
4061.869561563452 2.0150972680010915
4552.654551841463 2.0643865934269594
4961.771610646185 2.674349906021257
3981.486543067202 2.2504247662297625
4970.960784444665 2.1303289961538385
4547.140293167363 2.4938896940036654
4044.5046256120854 2.017277876673536
4815.296354496764 2.106929398053949
4414.708460419209 2.0499578285408946
3845.6812581596096 2.032863169885183
4881.793813462182 2.1184797028737665
4688.482995677239 2.5494968229897172
4120.3533066817245 2.3117034830628147
3795.8647060026224 2.0564299427507837
4371.3805852836695 2.418424684681759
3786.317693793542 2.100633150542065
4036.4860031592902 2.0239419064060407
3903.945563518615 2.197842164823359
4779.08565094702 2.106724267546757
4014.765447761177 2.0275796990781743
3825.5689935227065 2.0571509731471918
3828.5372879387605 2.135182893921412
3895.6046248829953 2.1876415569128094
3968.7333963354945 2.2299096812442296
3950.372369386324 2.0342722268719737
4153.479482184605 2.0354588913598413
4745.38625166728 2.5648250088179605
4298.060078008571 2.3799194079797705
3816.2212194605854 2.0894299239049356
3841.667712391053 2.1400070518448557
4089.9763244071173 2.0332702141427377
4605.45779345354 2.506431867933039
4598.833627589444 2.5034734567407297
4991.289088618553 2.14526538667855
4471.628510704452 2.4512851727349783
3818.836413142934 2.0879898621822117
4734.785104852218 2.104756128692023
4316.5792325032335 2.050320284276892
4482.261432654284 2.069904509595847
4295.964099706502 2.3766534531673917
4338.395952460607 2.054135740874496
4008.6113421224886 2.036435668023825
4108.444558760646 2.292641301167078
4244.013189996129 2.047044612049918
4217.571580205915 2.341071452227977
4217.781213490981 2.3410579607428583
4671.137648691361 2.5291117700079293
3861.2046256842636 2.1440738417202514
4721.43740881315 2.1064310371501245
3862.1259011696134 2.1441104143446377
3839.3214287761202 2.1009387941845574
3993.2152140659045 2.2324388668112007
4963.605318061323 2.145755967115675
4088.1648492075956 2.040868355396292
3985.3585670466773 2.2241833187772064
4617.092794805449 2.5032060359683497
3874.982498418259 2.1446319986543507
4720.174442213245 2.1098201142117854
4719.459965027334 2.1102306972561005
3990.923090820009 2.2254549379090585
4326.537025805359 2.0610246425994125
4462.778566054373 2.0761263736545423
4916.101280799891 2.6271252913059375
4985.702478591381 2.658180106354353
4369.226568027506 2.066240195826516
4767.5968982546365 2.5623657738926404
3950.1886522250365 2.056517684199858
4039.3849886962776 2.048845913450719
4175.39928862729 2.314115163980478
3896.551052387863 2.0728494063523013
3883.590945284017 2.137357357523498
3974.322611696163 2.209587409113989
4513.573224330388 2.0854461617289353
3910.007055868864 2.1624433054534076
4033.1522588571356 2.052215449945125
4266.984388258078 2.3523619777739637
4449.445997009314 2.0783550335532692
4569.880350590236 2.094320279279056
4147.922010537991 2.2974872786769724
3898.3598821142355 2.1436988059211575
3884.978127213818 2.1188980883633968
4697.865187398789 2.528946625814103
4721.0270961331835 2.5383991595469415
3925.5292275582206 2.1687282029908883
4339.605949391237 2.068858718745972
4165.694649288217 2.056609984509682
4233.909233656554 2.3337357206851737
4765.36581089383 2.1261722478459317
3973.125542331192 2.196826217038065
4418.825898315017 2.4107513032071193
3930.9983522937673 2.0851346254285716
4145.701038432176 2.2891054499360046
4752.999428813786 2.1265639097721563
4273.184664007605 2.3471022154433023
4869.729657018071 2.593848599417784
4824.1174039376065 2.5740040638748507
3947.107658209408 2.1668344513297724
4915.246596971962 2.61208567038194
4381.264993654367 2.0814749143096685
4877.914268016416 2.5951445936717565
4877.767961899334 2.1495476312419917
4966.353667660244 2.6310197774490987
4003.5635275554805 2.200809240769782
4075.4087204264592 2.073104822127165
4636.205974819537 2.4910030803468524
4855.867003954606 2.581508073954848
4108.883297097674 2.0730699569769366
4773.261249821547 2.1368729746910695
4131.3987921782855 2.0731693881365665
4369.374461734695 2.0861659996415036
4520.305842078599 2.442064436084478
4423.099619561443 2.401505988249814
3994.6287066048862 2.0908778968271804
3982.039168514285 2.0961795485601615
4326.9299511027075 2.3597988960711973
4583.6843365071445 2.465691526682588
4048.7829549577286 2.220103806497683
4713.899092029038 2.5182997565616687
4174.625207731525 2.287921333433189
3976.0026160519683 2.110052961590416
4553.540463516153 2.110800389602866
4537.0458470889635 2.1088395818633305
4576.781501035081 2.113855607346615
4052.174703769407 2.219917361978196
4029.3088383238573 2.0933078997797687
4432.489923476684 2.3995470828911443
4308.133185793509 2.3461297382527375
4753.489487045513 2.1406135611293085
4009.510140481137 2.1812261573940654
4231.871776850538 2.0861781296495265
4424.0975239586405 2.100143701714317
4294.416865495403 2.338062177245395
4772.935884690294 2.145265275167585
4960.2700820842765 2.1756642647232525
4333.749791112711 2.094909029278809
4066.6826779224475 2.097257171625883
4006.3821886311057 2.1624927131222527
4000.419749888813 2.1320934211925753
4801.703891851364 2.1518320738492527
4019.8676038601197 2.1770695559259394
4242.4476708408465 2.0914541715983677
4647.270571621221 2.1311508530074965
4179.001587308612 2.091642764505192
4089.7291151146756 2.2269766158856084
4954.708807164622 2.6090734428978415
4288.808819004354 2.095801453797083
4579.725236989825 2.4528932135747428
4264.67363388354 2.0960542778563918
4422.712121012954 2.1077284188692342
4054.8993259543117 2.195394924387409
4534.820105820372 2.432677301854986
4023.578970348131 2.1417419194741134
4023.721810550739 2.145008327921434
4262.088170219065 2.099216543764099
4038.171466248875 2.1303918891334814
4037.50070494549 2.1337648958233575
4110.941723795432 2.1053170078087624
4492.9448701911515 2.117973909489091
4050.1834234470643 2.1328827738630065
4983.256352965229 2.6133524545970643
4972.294546255105 2.1878596817616307
4367.171819591137 2.3547613201085706
4305.026219709908 2.107624768225085
4891.426742746733 2.176279777191292
4385.9030401973405 2.1128648632634452
4136.7648900413415 2.111918924962233
4760.673443911945 2.5159364129295723
4072.5500420859416 2.14271826548041
4173.24706559819 2.1123227144276893
4916.753439986777 2.182807221953215
4331.490057903125 2.334398052061891
4705.797962330903 2.1523734226904465
4151.9498768406675 2.2389527561277642
4896.321644762005 2.1815001789867603
4164.157940460964 2.1175888135709924
4168.840603871754 2.118131788000521
4820.259461590516 2.171519382123354
4434.732274687011 2.3758942295043206
4682.449564509408 2.4792331270491212
4340.010985498586 2.1191067514138426
4764.650552240782 2.1660570608608616
4178.856930052162 2.126346375459476
4518.837057576271 2.408145101558024
4107.982643146506 2.1760103332613565
4277.086555929611 2.29766249243101
4504.493311161705 2.1364741850864832
4151.852306679754 2.1366408227508527
4700.908635829996 2.1598494301789684
4430.697346877532 2.368479490613558
4506.132763113134 2.1372099807843634
4269.2265151503525 2.124413982891617
4929.936366300506 2.5755296581143043
4462.960189198886 2.133687292412741
4257.486336214659 2.125581496733109
4349.300867424092 2.1267488339161753
4231.356486096526 2.2703330471255194
4442.471136989818 2.132995029143142
4678.29083238755 2.1587505658801622
4750.186899956935 2.1687079412963506
4325.562209568351 2.1286172225599356
4287.4938423851845 2.2958910449842165
4969.784590946967 2.2034692056784064
4158.3818694926495 2.212373134618497
4738.819066156025 2.169379614794295
4590.043111673562 2.150745092083889
4348.357358954274 2.324912768917316
4890.449186225811 2.1918384489846297
4795.366713624413 2.515183384337996
4153.067543607668 2.1965036713306834
4168.622699042409 2.1536820940050037
4911.412393055847 2.198049545677346
4709.96505805229 2.477039220989241
4354.665397808074 2.323225319314424
4159.880926131504 2.177222035966075
4187.492259809695 2.2208957279634864
4217.062819628358 2.146884415953234
4191.265556331098 2.2232292740024575
4661.780662191763 2.1662714034068244
4234.21739435585 2.249935612728628
4813.367732879298 2.187976854988595
4184.064808030649 2.1755243219914138
4696.170392154991 2.1726873511273586
4296.186518184225 2.146394039783753
4261.036652743972 2.1496089015358697
4190.118203154902 2.17730735480748
4846.955349528753 2.1941176116748324
4488.286571559726 2.377088390919828
4221.673558435165 2.158749508104583
4336.22100944332 2.3049179758921117
4586.200102922077 2.1637418880172157
4207.195378868912 2.2067945804045044
4992.939109433302 2.2198914078931637
4289.136149976418 2.272899259120452
4305.738557470927 2.282376195897279
4573.088107968154 2.1642730936759884
4222.748938425818 2.176474243738468
4929.146780610845 2.5552803821532013
4349.37208025711 2.303895389285417
4977.960513507326 2.5744120984980863
4224.911252784544 2.198490895310365
4268.880014730179 2.1671989731202457
4775.353403615644 2.191742829117629
4231.892596948387 2.1885334200863538
4590.092410982234 2.1708713594417692
4646.78867377442 2.1771819414349993
4248.495337995413 2.2268211466343666
4497.638526182125 2.3699507089248755
4311.127488051192 2.273844889653442
4513.227102133769 2.375788627188165
4877.682976845664 2.528364692801603
4495.086448153344 2.1655762655255164
4410.955740331374 2.1639973163257022
4261.510821850548 2.1913873128455115
4473.790540250145 2.3543824914449334
4302.192760774814 2.2604468575463184
4317.906988406581 2.2703882892776446
4956.103740640754 2.223967713248666
4731.131371766393 2.1930613019396183
4303.995718014585 2.1791500572287257
4570.8978703466155 2.1768988402944047
4427.701293766755 2.3268665341606134
4278.902465818958 2.222076026678294
4662.468689526663 2.4318331274193032
4543.767183049244 2.3803410828106775
4687.229374301154 2.4407304966409344
4942.236129023027 2.5455112135031968
4341.87523953594 2.269878049908644
4315.69649084037 2.244073211540718
4330.359881840583 2.255261053633885
4330.643911128971 2.1954318047179933
4475.524406218261 2.334956837186022
4456.225915504026 2.3248747514537946
4720.881506723916 2.4449528397486953
4851.942024911677 2.4984141778271165
4439.427794921402 2.193453068558639
4747.8581533736115 2.4526562753880663
4749.815100918879 2.213070394532303
4559.97155261784 2.197021309438024
4881.712126254569 2.230194637238707
4394.589573250464 2.2050934657371437
4369.74384795174 2.2169410111438475
4740.192202410244 2.4483331936174317
4625.563466793622 2.3984233957288703
4524.348215014936 2.3505200465180742
4558.363768281267 2.199065344001664
4439.947640043905 2.303664520373524
4851.70137929524 2.228811034738978
4451.765813948321 2.3074417427323715
4433.539828077988 2.206675810633819
4545.292515272272 2.3560796133978728
4811.570154901146 2.225660995865928
4652.42005368763 2.40392293559508
4739.0239437992805 2.219432726254297
4581.604656622166 2.2075226245858772
4790.989202513426 2.2256175642362868
4400.049021411953 2.241460122721206
4508.507516788876 2.3315944195126646
4632.208065014747 2.2124142917273093
4726.009622944695 2.2206953193501073
4604.459313763011 2.2113359298691546
4498.959747200129 2.3230341555141467
4972.613019746837 2.2530424305661265
4999.119110212197 2.2573952701520743
4528.75181925795 2.2137582954031587
4427.356872680705 2.253596991168814
4743.166166093895 2.4357458507569274
4457.921296034556 2.281061920060013
4709.018726662738 2.418175148866088
4479.276177426011 2.2901982748338985
4866.4220537179235 2.246147641402404
4469.191530784054 2.2712041910095397
4494.75506844151 2.2943072149733923
4891.215199844271 2.488656301595477
4881.22846032037 2.4833528093521715
4926.737704031056 2.258643278534317
4725.970816849618 2.237333406276303
4495.300620806205 2.2657277566394396
4857.993226216186 2.4703440193690414
4654.921589886765 2.3785130802650096
4536.148363649381 2.247993197062524
4533.197498720804 2.300084002915785
4615.633236521487 2.352396162776057
4706.574414895846 2.2456120469489327
4755.2955708927875 2.249072571066403
4563.475536796075 2.3140531076056052
4663.983329810793 2.374527851157551
4619.575735895892 2.247536929371917
4572.1654151542325 2.2540425211198327
4673.8213113730435 2.246862184674104
4873.705911374214 2.469001617315957
4551.835796426739 2.284427382658757
4786.047763591277 2.4277797765218927
4556.852571745094 2.286089298994417
4597.969906906218 2.328504237218064
4758.872051262667 2.255478263343692
4825.8219592417145 2.4418192171045265
4675.098149511329 2.2564508822347205
4969.571267160255 2.5030777193997356
4804.838343892609 2.262454112672584
4581.531526944141 2.2963396069425683
4778.304966781207 2.4120150717214406
4779.301254175812 2.410972196373359
4641.371255202875 2.2775698633676424
4665.690073171475 2.3476471793577245
4967.0665180414935 2.4928378759476426
4679.638425333815 2.2733063453071884
4649.934970990319 2.3297682842108087
4656.442446402091 2.2841248703221715
4652.404287523908 2.3257734727161896
4664.61780689699 2.2858169548705987
4677.791952715684 2.282375116174085
4651.559135236765 2.3011518784351916
4727.462366215906 2.2782371101420207
4682.721651411713 2.3445889390401162
4788.468594106539 2.2809654524213077
4786.151158300184 2.281946899966256
4847.163155586441 2.2874693172169644
4956.537471048167 2.4759689203502036
4936.10092917527 2.296409199600266
4709.978801353006 2.3238953936286935
4871.0823312523335 2.296441952342714
4741.62375529909 2.303621224923197
4875.510689775092 2.301446566124559
4744.450040449725 2.3351411342399397
4846.800742951814 2.304857900098988
4766.01945895503 2.3292005879074504
4765.286651282281 2.330799154415819
4886.847942256452 2.4259767320223515
4829.956761130907 2.31513434238574
4789.6962642758845 2.329458605875798
4907.895437405261 2.427415667870298
4868.8848646313645 2.321045880674668
4840.883661084029 2.3762201738057946
4835.625410714626 2.352690382968155
4880.46426603991 2.3913994342289393
4907.7982593508605 2.390346069578647
4899.283687416147 2.3783968506827917
4914.183292084178 2.3657624857051864
4918.605389914137 2.3701087069069873
4948.3303756570895 2.3615914565313223
4974.2726773915565 2.3585833849377082
4937.514055802517 2.3916261832406804
4983.694249008153 2.3627882203391875
4961.1320899097955 2.37395108966127
4988.216157830839 2.3810683913502304
