luminosity_distance theta_jn
2114.7928060091676 2.196257537296403
3237.683525519246 2.795503337556052
1805.2874782689873 1.862047790313838
1991.9471008338353 0.931628372019017
1948.0806388170438 0.9777379094440151
2787.019989432764 0.3870536957586464
3288.1802172699317 2.5796390551819686
3777.66960614524 2.9187123780956323
1859.9486621906362 1.0724581714167005
2209.1984464264174 2.010264613474835
1630.672405520258 1.5472008070011471
2879.8634753271913 2.2709511068994614
3058.0833433907396 2.335137201182616
3196.7436041163855 2.3936717789227684
4020.311025631003 2.8272580685409956
2281.8015848193177 0.8572720425944378
4205.770595520735 2.949687604120878
3773.6024526686347 2.6342324451461048
2648.628266160866 2.1400738563084247
3974.496767266623 2.734342165088202
2546.535027330222 2.0929207282867934
2787.3574787719767 2.1830486348505307
2308.882287044856 0.8619884745588136
4051.740107714631 2.734225372735843
2765.046078237938 2.1651892192184037
4458.893144587825 3.0147465586915025
4505.950534686688 3.036462400074947
1862.1699122430928 1.2172786296635718
2665.3101837348595 0.6685552037130212
4562.997414221097 3.036751098286326
2425.095474994568 0.8204293771088016
3600.001687647977 2.44133708647949
1980.768762510478 1.1191042932229227
3848.234834914432 2.536904358947963
3496.4825551515764 2.3934953535474923
2696.766033740679 2.0929150172133975
2461.748987079043 1.9975929253478057
2969.5060267763683 0.4811594254755203
2348.1298791056147 1.9455611412753195
3998.339967337464 2.5848805305803024
3493.1460232309146 2.3801132964025675
4147.002249482493 2.652025641213214
3893.986764670523 2.5264046450838853
2352.7831522557167 1.9389691031792238
1775.7338532104823 1.431413594717897
2733.7129242371307 0.6520306892579482
4321.798315712664 2.706047114046571
1799.3255982289347 1.5375541660189678
3366.4346969214953 2.309161276409663
4332.599339854043 2.7014446988866214
3839.4059324732502 2.4823805586757093
4559.529563341628 2.8351928246947615
3404.6579567933586 2.313187610662191
3464.6420323530324 2.3321316125438987
2565.3111727812466 0.7672838763495596
3555.8859153464064 2.360886146375756
2668.422646302018 2.045876459059589
4442.233747975729 2.7232683425477906
4595.176800675502 2.8014580676911813
4676.827606753722 2.851400247906239
4338.169578788336 2.654429276792612
4629.587459402585 2.798955132490539
2730.804524823925 2.055771864201892
3525.134072403198 2.3302039380148014
3159.3086983758562 2.2044315493838407
4221.605471513344 2.5895244427171624
4335.392697984224 2.6380745588868506
3993.1348748758633 2.4954163590553655
3586.9043087653954 2.3367166805532746
4609.545925146968 2.7455497739933126
3230.798111192834 2.213811286790255
2141.564591262457 1.0522812720964785
1900.091230668071 1.2724678509886103
3182.8209917306767 0.3927687673464083
1895.2482575843512 1.5935064296672379
4569.676965097799 2.6725821027666066
4902.656808618249 2.8478967187419424
2924.632354265774 0.5848481489540426
4451.910964905712 2.6143530288704837
4679.04654255328 2.7082594444082853
2846.5699880167144 2.0593628664640393
2740.0526427150453 2.0196292266944664
2622.1672215185918 0.7731118230372975
1857.4921795382045 1.488638030698727
3619.906380994313 2.2999675549485588
3310.9178178513653 2.1993933029410853
3949.971367981331 2.396976650663431
3005.1189866429786 2.0992221613027855
4893.645562577409 2.7529678470928833
3539.380709719092 2.260456299618122
2295.446451359354 1.8351102719016374
2358.391098974813 1.8620031250830034
4333.072545793234 2.5104298073046274
3181.810816734637 2.141180431905317
4912.379958417521 2.7312584373061912
2658.500456236439 0.7656089284936304
4794.281315116473 2.6728759114116762
4331.4611141773685 2.4902997970149543
4569.128311601915 2.5738304952728543
3002.086541718937 2.079716608353885
4093.6935988272567 2.40903227524447
1878.0917869368386 1.4239517052006592
2315.1301445013887 1.8310534395243667
4279.69207524528 2.463584865069311
1964.7612327477477 1.6135059430730234
4249.423683286386 2.445543690053135
4036.058488142787 2.3738852629380713
4860.6926435103405 2.6549216347495874
3464.2250248603123 2.203615646522502
4481.056937597427 2.510355855936809
2576.5169340117814 0.8269310183155977
2935.66744653829 2.0390173383743195
2154.1846968972604 1.0940428810695508
2533.4682896807876 1.9043046736062954
4147.191031674519 2.3887056697433082
4820.216850027941 2.6077779417519698
2519.303678965362 1.8986132006751935
4430.5703548618 2.4731156290935536
2001.5055824388792 1.6279627989986722
1903.1402719871396 1.3979947308713552
3637.5869870215206 2.232047897050936
2534.7617841773435 1.8971609658266064
2950.723652230539 2.0339657539168075
2507.6320260847065 1.8851236735797994
3563.7675883553416 2.2035857872054407
4700.713672326531 2.5208635040747587
4701.946187047543 2.518267313576939
2058.2355098346743 1.658065307857149
4995.97243077206 2.609018197769128
3206.1144992027207 2.0941365009863064
4181.448843791704 2.3528604828616775
1971.3319331719485 1.5692129757394013
4899.139670699904 2.560737334428358
4294.543662666538 2.381358179399939
3732.890959514505 2.231564978309039
4767.170509074396 2.5164004593858964
2015.1663957502828 1.6111898385552943
4373.726082572806 2.393196861819063
2679.2793594691507 0.7888163372188309
4140.951724831948 2.323849466743358
2833.1773510840453 1.971932523131817
4529.892950006206 2.4152459224594085
4460.393022176212 2.3932529909602462
3247.6339838330923 2.083357658681942
3705.856978911806 2.1996660187386428
3705.134300286393 2.199001198949213
2716.780079368793 1.930834059328686
2513.5192171479844 1.8595609961582316
4412.93237630538 2.3503279163408717
2992.5140784543273 2.0011652797348716
4996.865758354769 2.4872696184424052
3747.127081694446 2.1892617120828617
4595.844480893645 2.3849459085872975
2388.642978223732 0.9736998323169801
4729.990385454498 2.4139386819246758
4837.797713475982 2.4397986174618724
4205.464967496213 2.291699736101003
4311.794990414935 2.3114718425333645
2890.591580787491 0.6884027792985737
2143.341354593692 1.6774349044762098
3882.641356971915 2.210538374425468
3859.6239146699 2.203853832371758
4634.607133205228 2.3751119580163635
3370.9843435491084 0.3840399340079866
4706.4242146966235 2.3876377923470784
3817.9036969906883 2.1893475090613785
4215.974391946391 2.2728368976883897
4712.6781303158 2.374513541456483
4292.822096488495 2.285580073507331
2745.9247448021347 1.9157395589147175
4678.243357272518 2.3524314418106655
3443.3639371538843 2.093234161877725
2504.8525945554434 0.9143450751703499
2303.444295476431 1.0385187204660054
2556.8749949126113 1.8498728087455667
4674.705513686405 2.344381667059217
4276.778847608036 2.26560194088729
2101.02248456729 1.6321584502610698
3493.923685440331 2.1001029824154824
4908.6380618524345 2.381136843717786
3169.676685288645 2.022584757674523
4090.9655464307907 2.219573500113987
4776.4316684041205 2.3467427258109734
4935.822392984661 2.366574829148244
3662.7561168964817 2.1278753240763595
4990.973397094642 2.36754317256659
4818.490340452072 2.336680240204108
3359.7266958069545 0.41453561214914897
3470.6876348491933 2.0827597607255655
4860.54650357835 2.3312888924530903
3590.483096543535 0.19727588230681206
4859.373028851909 2.3249325298636325
4267.977871184867 2.229699624088897
3506.200434854716 2.0831584479127674
4987.918340755439 2.3309223916397355
2670.5702220434287 0.8311197567900702
3731.640355780626 2.1265778136047073
2874.3230560107163 1.9283793363806767
4050.648395574562 2.17806921860361
4903.29040527534 2.2951955246153752
4236.269185554744 2.2028708279470486
3329.3093509248406 2.0335450527244574
2880.6995895461287 0.7206117666397185
4935.2693271679655 2.275713038866677
4051.5629369844933 2.167441535449767
3936.210359747734 2.1464965944787746
4396.518338245968 2.212166105140895
4642.026684572058 2.228556752654754
2932.2559487452854 1.9325944476679462
4949.5565611927295 2.2329835121917245
4383.695680068251 2.1951892748660646
4834.358687219316 2.228959297267816
3376.1213626729636 2.030815329290029
2367.4944153400297 1.0195020775065542
4482.674173014632 2.198167451461025
4182.636963035026 2.163713217108917
3314.1518761205957 2.0157626594831655
2787.028207000812 1.8896097405347647
4671.765572049782 2.2030870525469513
4443.327314427188 2.185071891922066
3923.283546876658 2.120476481606146
4974.208447319446 2.1860832503547445
3311.4749764781095 2.0101052580798267
2827.8405246122256 1.8971103081978453
2437.5988603957417 0.9795197979720599
4114.933744387628 2.1415951389308128
2939.732032358276 1.9242491079464206
3718.8413778613494 2.081877294897408
3927.472216495204 2.1130243452930153
4784.463133566835 2.174633753618705
3566.6659210214348 2.054487387657975
4540.073055503227 2.170151959857473
4492.467246997909 2.1658692418829935
3039.4857945011345 0.6448947520495429
4792.992156932312 2.1497183527611328
2346.7021515238544 1.7296567084055396
2170.639058160702 1.6356384027972626
3533.375881111818 2.0410933954822896
3427.9114815438134 2.0197814599047055
4906.418470825034 2.1009640551461524
4716.5572899556155 2.138919095473227
2443.288203798261 0.9815415027587249
3574.202946373797 0.27948798066864583
4267.780304101928 2.1316939649105584
3820.551831680916 2.079618450905268
4276.240819379847 2.128294123651132
2572.3414893303648 1.8088918413642514
4040.6184196198674 2.0973636935201765
4933.7526011134605 2.015829687653411
4860.202178277372 2.0514630506526528
2717.4632796794735 0.8295897293193402
4233.340746200137 2.1084066040792426
4961.762972491108 1.9669869805652318
3467.895819115868 0.38198452407930367
4663.8109174983 2.0973391392098875
3500.6546063259957 0.3570796369022399
4956.023303548749 1.9545014502898925
4495.805798943178 2.105344080436217
4747.512144479868 2.0657428928892987
4866.6897615380985 2.0108530659497212
2060.8863604052276 1.5164059474120806
4617.2596744194625 2.0709482081043302
4943.4663276957945 1.9035896926106701
3835.74550764302 2.0556082264763864
4823.607962308234 1.9891120664814628
4686.557130621056 2.047091364186845
4883.372969019291 1.9452274395617604
2707.845987686298 1.8395226459485639
4131.411453712411 2.077304297648045
4811.522540200676 1.9820613436436558
2609.569077444263 0.8948335842764708
4763.093733536315 1.997832644274195
4203.779298164699 2.0759284241117717
4424.2410025992995 2.072384557404592
2755.16842172669 1.8507906233188336
4637.261114335543 2.0350637197402985
4819.892445054169 1.9519854173352102
4920.198388731894 1.8723195770522112
4839.23038570979 1.9145015895214843
4800.412859832994 1.93900305504431
4685.305263283879 1.9951874366124707
4929.558370586067 1.8321545178224805
3818.991912912851 2.033973130169747
4879.239479487182 1.8580647080133672
4544.518941262484 2.01946988901626
4027.084405857846 2.0475957466521884
4911.582605120426 1.8225544965825757
3773.708598638536 2.026007807668212
4732.679795562453 1.9408047543411793
4638.6405873211515 1.979966232007557
3866.04015386829 2.032477600197361
4936.347514989945 1.7991772228789769
4393.985205611299 2.0346992962489256
4732.058961731557 1.9289363616877866
4913.583732689596 1.807388675940583
3725.313531173679 0.1321786760878938
3474.182164110388 1.984555478441676
4720.116474155636 1.921468715030999
3653.4582636649056 2.0049300025793055
4109.907025222243 2.0351033491378647
4822.877131349493 1.8480317377206248
4085.2308365053063 2.0332303489129466
3525.0701242722344 1.9874423513166883
3846.9718386205454 2.0200918552271205
4916.779964767634 1.7776255057412174
3481.776001104447 1.9797160353616632
4204.306298800544 2.026347261759432
4242.550924061273 2.023847711786864
4167.706383797618 2.0259629999373936
2786.5645849703646 0.8088186208865242
2417.948837567389 1.0190943418651057
4913.827984850792 1.762935380529729
3332.563129090783 1.9533857330077948
3665.744777847557 1.9965509689607623
4849.857088434137 1.795085379320699
4949.525670839637 1.7374999417577899
4474.993634356783 1.974712916102811
4445.410819713596 1.9801095151956518
4776.378782366662 1.832809568986979
4450.801164818059 1.9770412146190235
4461.955879204557 1.9671756364600081
4767.564419645551 1.8274423168630065
4235.867718395002 2.002782269100008
3043.4654652002046 0.6728935053820917
4277.908878188429 1.9967466649439523
4854.758035919185 1.770491619001385
3811.0483974165704 2.0004013674983203
3944.2532259222717 2.0056573188969047
4642.159940510001 1.8861676607267637
4584.461763481218 1.9079126509893372
3863.8429346337994 1.9999571706671413
4402.497281828059 1.9629897143389285
4908.944198605458 1.726374894371217
4836.907770879593 1.7646895988080669
4177.052620984594 1.9883313356682741
3849.2138917146963 1.9907880982288169
4709.985387178241 1.8124338712107237
4177.076998567574 1.979469600722041
4065.8374194118574 1.9832421057016212
4713.607553728395 1.7995234080384295
4621.1330221107655 1.8466357171442422
4763.537806107962 1.7713045191792127
2099.7515013422544 1.3087166749737744
4377.1741452158685 1.9362316609610466
3006.932941029871 1.8777450084763043
3428.6968733373187 1.9460916213663604
3943.594157653344 1.981205543308436
4765.872471971218 1.7638748603976717
4200.7234788325795 1.9655864323706957
4713.546386564638 1.7883746408948926
4681.939846287066 1.8029355717887687
3612.5862082960925 1.9615517931735307
3607.1749966987386 1.9608264301121507
4435.663344298498 1.9030478911194555
4652.148310903484 1.806498931883794
2084.09338955262 1.4595493446218064
4485.745242582415 1.880475919920222
3624.7950596489354 1.9575553676365014
4885.443768809521 1.6823231575825148
4394.82727501471 1.8964402760840173
4785.572837857596 1.7208207128063049
3924.276701375017 1.9624275139737024
3655.3305573736757 1.9533837065119461
3604.36166281034 1.9487941441423156
2090.0569986999526 1.3534376354393767
4619.521454204183 1.7899125724028764
2966.297373359993 0.7293140230868655
4227.752341106289 1.920875051403101
4976.385591178252 1.6213701037162398
4264.211945830006 1.9114423851668112
4203.473848602779 1.9216718628182532
4542.079785549902 1.81038018008669
4862.459582759766 1.663418280696726
3660.634490307565 1.9444448208351268
4455.939791336438 1.844391281237208
4399.912023329322 1.8652378602400461
4407.526866660425 1.8615643135939264
3681.5011582649754 0.26548918046737124
3647.0591455341523 1.940847019202106
3596.874898298651 1.9378121903358347
2350.885128833577 1.6708185578773362
4127.710494135348 1.9249063131198454
3514.8085395294033 0.4094943099060974
4768.088185600954 1.6854393509874381
4509.121413327412 1.7990239414524452
2118.259774735128 1.3117611861294218
4392.621808757872 1.8431806149504693
3989.9708387122355 1.9261219795502251
2535.51355290544 1.7375419252872188
4864.321551119153 1.637051385804916
4420.245920116728 1.8241513657831234
4238.12439200406 1.880265623609086
2340.0540506859656 1.6572132354102518
4455.797674912139 1.7972227666127627
4758.920321359918 1.667101476582228
3576.9881419484113 0.37119683907152295
2348.1317326932476 1.0921600354568477
4842.678344111271 1.62987919711919
4310.895597734094 1.8435615402801515
2964.1350537683234 1.8404934740159598
3955.0519436496843 1.9105146460065272
3460.885112152092 0.4569123255548706
2228.555509994622 1.1900024255844375
4681.887287591197 1.6826633774291968
4849.519375566525 1.6131657101965855
4647.563215062212 1.6928752487005099
4331.714862901937 1.819496950163484
3920.9031551638077 1.9031240863713286
2713.4725227476833 1.77964493094608
3993.158447535445 1.8936230341201692
4408.2885661103965 1.7829091577918708
3156.5056763954703 1.8652041451341603
4144.854563053967 1.8630472442569175
3772.389513541689 0.19277201657704404
4593.448760912829 1.7017845637035647
3582.3816335358492 1.9020815645226985
4815.468724602417 1.6135461917435534
4080.1708358964293 1.8711154020179384
4656.5699967817045 1.673258182686549
3810.1373275535043 0.13497456445089775
4843.560322095839 1.597260065479175
3745.6397093773408 1.8977063767172087
4648.2192635226775 1.6690416218725566
3117.0725598794147 0.6655993623324681
2119.87280874413 1.3546524189632443
4768.6373266195515 1.6208723474041136
4996.6365047585 1.5408470347857737
3944.726931574325 1.8816599598602404
2739.69679046942 1.779654868666672
3692.884064605748 1.8956581390401535
2939.2182716918846 0.7610937312440437
3883.800343031194 1.8856887526692419
3023.8714956270915 0.7167004619679573
4804.242976718588 1.6032506717502728
3612.367697062584 1.8930481745317347
2908.5787215855225 1.81534436174047
4535.654655213388 1.704567738917542
2951.9073543286986 1.8218812130802586
4476.043735575548 1.7237329585444372
3572.624579921936 1.8849679783667972
2565.899881279232 0.9671109309845025
3671.0429311170265 1.8845785911784043
3784.996481449442 1.8785471786340024
3200.4470819136995 1.8548044136854445
3203.469467787528 0.6242375511070141
3931.1339699974574 1.8615874014126534
2917.2321889371988 0.7778984122555428
2426.403439939962 1.6734630597984559
2305.298433968372 1.6163216170293013
3523.751238894805 1.875825906562568
4586.1919586614995 1.657398113130561
4684.4452266288945 1.6206955217925294
3597.2109000963073 0.3827638584539187
3851.920712848284 0.08740646683206948
4098.371799703702 1.8169412277989498
4243.252807073969 1.7755110376600283
3733.624422955452 1.867589596979341
3657.748331050857 1.8696264646277885
2171.8074313744455 1.506851773810555
3739.3521246562836 1.8607045000198432
3980.954508775525 1.8311142746732707
2622.8173943981437 1.7329764656410174
4456.25287165814 1.687993825736697
2293.68159448034 1.1577178942762882
4986.450509662231 1.5002589940833566
3731.257507389811 1.8551305640291558
4237.610917525147 1.7570405585143598
2493.865364939179 1.6883605346861306
4770.757116413787 1.5633323710418903
3796.3605455662905 1.8445039688260316
2738.60822020588 1.7578906625515311
3049.3590219594525 0.7173920066986385
2193.4743572773937 1.263110102452225
3364.8292537660013 1.8468990861411037
3860.699712925764 1.8322851689600028
3848.5030328754356 1.833297817000797
2901.0939420175764 1.789948761849723
2962.3601666430986 1.8005638320283621
4156.177502487008 1.7651512702460967
4873.856384816231 1.5203957486383808
4903.678442282417 1.510807049692875
4640.774773781844 1.5963790573643615
3013.7448707130293 0.7382838715313323
2496.898432495799 1.6840805526112543
3548.3615819490838 1.8443951230962217
2386.1616017024853 1.0952674409348055
2691.4967145056853 0.9102046753448457
3549.917989419094 1.8440698595472156
4662.979501988243 1.5815815218366422
4714.4915546963175 1.560345840107914
4217.039196570915 1.7304184821237276
3527.4597405521886 1.8401950821982582
3764.408113394925 1.8279395633511197
3409.845192727232 1.837378491833637
4510.348110352833 1.626686029061864
2206.7419107311525 1.2578107088412844
3774.441714026608 1.8226633924522853
4192.312429204124 1.7317925703944343
4167.930732415095 1.7370951970910276
4310.284618741483 1.6875089367930254
3585.823707839932 1.8313963757254106
3956.795570763364 1.7872998156734123
4890.475113234812 1.494101901575497
3853.2327766709423 1.8059954576514148
3876.486294676715 1.800679892852441
2415.61332625752 1.0807949299389934
4847.876550675043 1.5026626375950858
3759.6790611566603 1.8110928854566597
4142.91170568933 1.729895446526033
4198.805381420826 1.7113700467185367
2970.6751446269377 1.7848818972094147
4485.482874118644 1.614330916739196
4923.609234307978 1.4752006213759683
3237.0464589472163 0.6288741249881293
4523.590672651218 1.601012624176323
4608.200341495404 1.5716789504862054
4190.424823325035 1.7108752408038725
2846.556561081947 1.7611834657654015
2246.6708321867263 1.2241255017282642
3571.7785176793914 1.817404065722087
3568.11629822873 1.8174697553772983
4386.794770616621 1.637074704904691
3769.65367903138 1.797817863494536
3975.431148791944 1.7601401189613717
4375.822406163952 1.639337860393541
2186.201758650899 1.3111955159467077
3924.939264976869 1.7695112405238067
2840.281268237581 1.7566102159986692
4115.38160276787 1.7195209785606225
4527.268201805863 1.5853392059236828
2369.5997507884213 1.6124780197496258
2860.5791207553702 1.7587902732195975
4161.9709311531215 1.703160122414921
4553.2779649739 1.5740526742543308
4868.7521954139165 1.4766408349327862
3970.0644480468823 1.7536766373559325
3796.83344589348 1.7857836582135482
4429.394824718539 1.6081478647722143
3777.4463913402064 1.782768555612166
4811.991695449943 1.4860789906984913
2812.834086037104 0.8591578667361751
4407.938016720577 1.6113469554257545
3380.1285118287415 1.8025055319865297
4240.374879509337 1.6558034478412968
3550.8817805425706 0.4591138706176719
3194.3116350721193 1.7899099510391958
2850.114720662256 0.8427213179418428
3970.875097510678 1.7306889486403005
4849.336690194588 1.4629382420152153
2659.521261301136 0.9460629309932256
3667.80877251883 1.7794772055308288
2185.2882579476295 1.4101486414176487
4398.504205269334 1.5934270721212063
4635.107036621109 1.5106811135474993
4608.631581597602 1.5173493955960737
4510.406501770713 1.546810135673812
2662.671179736524 1.6965302418416208
3927.7647033071003 0.11485047883472309
3860.498953655572 1.733280290279364
3523.902004646302 1.7773136278998816
4176.938165246272 1.6490581215447875
3811.569516377607 1.7419026129107211
4588.05431649164 1.5196158323752076
3806.624429086876 1.7406241373163938
3336.655944964594 1.7789256727434597
3046.3569952609146 1.7606822569410683
2600.978201056905 1.6767951160066863
4434.1312442772205 1.5625747995205823
4968.7068188619205 1.407535333185436
4908.9918972055475 1.4222773947796263
4752.926411576813 1.4643685337691512
4512.409835577846 1.5343699200244938
3546.7963394031485 1.7649935343821974
3782.4146270487086 1.7332878413287764
2617.3930614190276 1.6765262945699
2452.531078815309 1.6203372961895
4122.0513344146675 1.6452983372082728
3178.1392576512744 0.6858201220528917
4811.352378707693 1.4379114776727842
3045.5044527951577 1.750575906348298
2342.6122833784325 1.1690206422576979
4845.871073526346 1.4232038437796197
3712.660941092233 1.7317112202584872
4802.73281640498 1.4337860342610256
2513.3043391367173 1.0481892971298465
4742.314496955926 1.4490257125333246
4532.948146429385 1.5090430761309073
3606.829937436361 1.7441338636768011
3502.6151224091886 1.7533612761066926
4046.9515291444845 1.6503873391414576
3844.6283398675314 1.6994363503693788
3577.89905799711 1.7421198108731095
4705.706275268377 1.4528738256846838
4004.9446247585206 1.6570410242907319
4997.130800642625 1.374086551850927
3951.933049801961 1.6700450607886932
3720.355690771659 1.7193565476011794
4308.550712963496 1.567060785423406
3298.462661768704 1.7530960718651047
4271.015814778198 1.577492508477385
2858.906020934378 1.7161795280862548
3706.9294092208384 1.7196767678765654
3598.3965063059395 1.7348812822405437
3270.24436184449 1.7509994059924927
4210.835565994884 1.5932020334538717
4422.809422541115 1.5292041492658748
4580.863768958421 1.481996522285632
3956.698699422495 1.6608556460481445
4983.007058761431 1.3699262358278135
3596.63269486485 1.728249727815931
4293.765822285005 1.5548466137390529
4895.417119666521 1.385719331360868
4193.9273410844025 1.583556406884813
3541.4744195037306 1.7248773739281493
4839.367306464038 1.3971325930573535
2572.721931871409 1.6402824221209382
4804.317242785727 1.4032368752887598
3863.6750157805577 0.26989930145846
2867.180951147894 1.7047388913506702
3948.517281851896 1.64390170183397
2522.8545225571534 1.054719101328338
4233.284776906671 1.5634820028670384
4815.17092744115 1.399359546277331
2804.8354563236207 0.8933840481551136
3848.7362791260257 1.6669179821815063
4608.126378709889 1.4545873251684687
4434.7030632920205 1.5036958247246648
4092.427638908221 1.6029545127354368
3673.4283688757178 1.700904968681359
2288.356983425469 1.4940959660592348
3746.6392721399247 1.6871356417980368
2478.389588974779 1.6051101956227385
3602.322523917235 0.4682125172922277
4467.87228840259 1.4914429539159988
3365.560954641041 1.72933343775595
3466.16975811362 1.7229277837679111
4130.411021783595 1.587987180756369
3979.760591703503 0.1286274514532083
4774.753842266178 1.4041216177056879
3822.06524757197 1.6662199113486909
3771.547393913404 1.6768122844367928
4014.272198262843 1.618022894191572
3398.195612076007 0.5883946236177142
4180.507471616356 1.5695577243731067
4003.104514343171 1.616607049309615
4300.602457481568 1.5293797726213887
4299.661435429724 1.5296346192631318
4406.583821069834 1.4984356547320805
4062.603699843939 1.5958649714335227
4437.642647533821 1.487700904831397
4645.086452662017 1.428603839829147
2673.2591609145807 1.656036943823779
3541.4325591932775 0.5131097909531736
4542.065182554396 1.4531686211417174
4586.947598649487 1.440776348471353
3860.9751986456445 1.641054387896061
4666.038343258329 1.4186286407544508
3546.529103926952 1.6980264148984938
3989.053561548626 1.6064913460955386
4634.425481649009 1.4242078276610421
3997.6364935513557 1.6015477647846905
3195.2888858065967 1.7136200283247722
3505.771604840989 1.6968823119280685
2747.75146134913 1.665755769800361
4081.4961254958002 1.5737330690961204
4957.2314299872505 1.3362919132383386
4447.165918463672 1.4690805487525447
3541.7429390399157 1.688027331314841
3687.376302396636 1.664967256341926
3164.780290170328 0.7210932227775518
3225.2514848315063 1.707810722359312
3405.5250132061 1.7006666745151762
4984.098070067482 1.3252109692380716
3356.1685920304776 1.701029802142407
2945.9115732181313 0.8348070796636845
3241.5797884983713 1.7022664293409402
3558.446756785488 1.678285307349362
3697.2923545160443 0.4287741059916892
3755.578062937734 1.64304585211041
3189.829341211709 1.7011713892016922
3899.3533156917633 1.6075010533245349
3573.3718743065147 1.6734853466211488
2266.0369613762136 1.3717464982380265
4846.873440083594 1.3516163041009703
4836.368989905227 1.353827074484202
4672.338105952366 1.3953372307395033
3719.7465782851086 1.6458806336637422
3872.6797768179404 0.3028249183014771
2789.425128183629 0.919061445821999
4343.424009376288 1.480447370761101
4729.641877736285 1.3769627953573507
4936.641065501424 1.3234360884867549
4638.955193063964 1.398101894492428
3921.4983565438 1.591761140447109
4194.81212891045 1.5180172793503688
3999.248840434844 1.5704921961913483
4157.96016539813 1.5266408422432725
2864.5092307067566 0.8824425296315177
3859.177017844643 1.601672744158868
4869.017921924059 1.3334579504817041
4104.982788676333 1.5359597075172053
4329.757714376051 1.4734379472087962
2742.6672894477297 0.9495727408844881
3075.605614043203 1.6834467270994904
2857.94247164493 1.6634623364549974
2296.730053177327 1.4309306893321492
2389.439118627734 1.5203008737700927
3804.729189061946 1.606846938637052
4985.229846384965 1.2999612808989345
4242.00418880533 1.489641568250905
4066.9364832822916 1.5365648231506346
4663.638763144122 1.376122424108303
3077.011592665041 1.6780753794143732
2701.3541336969047 1.6311217283366735
3119.072064713636 1.6783861941183247
2363.456862953792 1.2166625201390473
3509.80482891453 0.557550299494279
4504.1712192229015 1.4142766061375176
2622.029098588004 1.6099598071130097
2398.0781803889704 1.184004601081344
2820.027183971407 1.650861855626835
2340.380149447836 1.245565918410623
2610.687151169831 1.0315521103378746
3138.0248867435544 1.6749248576089395
3296.7761022442987 1.6709480166021713
3947.975674025362 1.5597041264424865
2835.6758031655127 1.6507121454317668
4461.375779920771 1.4207263793589027
2378.478890312181 1.2065375704672177
3186.2456724833182 1.672147497138363
4269.72231299199 1.470322856564512
3498.2985725131675 1.6483423569373434
4518.669796613193 1.4029855362736003
3750.682096438559 1.6021013943317386
3509.4187021607486 1.645743725901936
4287.063976742822 1.463430413110119
2346.9854460737456 1.2450752112636954
3874.2302747823255 1.5720125595495476
4133.672939349083 1.5040322195204714
4596.462951855648 1.3806226287237269
4668.622514940759 1.362027829072617
4128.575234859861 1.503939139100112
4934.19834884289 1.2950740664085807
4207.262359303732 1.4807755817693309
2475.342359368689 1.1286158822602343
3249.474565124122 1.6629982741518854
3026.659649959014 0.8129487289042937
4318.941581840362 1.447485395691314
3926.3950143380766 1.5511880993025438
4591.275968991198 1.374561699630212
4462.038622941546 1.4076431148017357
4716.360198268605 1.3405825158624771
2596.163815599782 1.5882853732074187
3004.8013573375383 1.6512400534812512
2747.965667512882 1.6202978055977024
3918.4228025566094 1.5414543754604815
3617.731228685656 1.6081071453119913
3408.416886529383 1.6386040654585674
4408.414377074099 1.4114940900223796
2718.7236475271798 1.612177944991594
2546.00555034061 1.5643251917513297
3663.0468758209295 0.4890024014960116
3196.5754606392043 1.6489880091098934
2418.989983772658 1.1883682622907925
3654.575636332514 1.5943249383655342
4149.017761052053 1.4739760462394325
2335.337662856012 1.2988613864901897
4861.962169638356 1.291510358074383
4892.252077106098 1.2843453747601932
4678.536944632449 1.3357423466900495
2569.937576669394 1.074385174943877
2441.9368718397254 1.5136817086378456
4065.5123156577756 0.16468326151359386
4573.796619573201 1.3601361720696152
4929.888930761686 1.2732216464201636
4292.752275234855 1.4320080853780548
3602.8658875038536 1.5995673184142434
4855.419711639416 1.2898832865290897
2332.059698881199 1.397962763004279
4187.49019999801 1.457422314077748
2916.53268537328 1.6329033073443529
3820.8053652334224 1.549105295679636
4992.891654797735 1.2547574302589568
4715.651608316178 1.3196775464831596
3562.2034108130742 0.553103934346566
4825.280734562668 1.2916984337363902
2845.0773547060503 1.6223086265502533
4136.610821118834 1.4658263852438131
2355.860486368842 1.2787505463195148
2376.862860142588 1.247187218145354
4814.472606128496 1.2923527047228194
4941.7154715988645 1.2614149934815797
4845.763179504698 1.2832376180817373
2366.5066139262185 1.4386388397915615
3382.497550928217 1.6200249242799913
3657.881194458512 1.5753206849167751
2658.3592277499224 1.581894218209248
2381.8929332219413 1.247986165101567
4489.590597502518 1.364933591420452
2357.6166233671925 1.290777577688357
3960.4863075851854 1.5004653882523502
3158.6184220559785 1.6290892095499725
4281.375964094151 1.4146781988513353
4193.459378421572 1.4373940702483423
3076.8049420215534 1.626685779444695
4190.561517213084 1.4358219998100534
4999.03222560386 1.2365917788696035
4234.349879004439 1.422061030817722
2919.2755379652867 0.8889133504780461
4039.34092941269 0.23625898585190824
4116.349940802743 1.452141358234953
2587.635450688168 1.553831822709675
3966.3986523719946 1.490038526881063
4215.38938830485 1.4250867061256896
3594.6172042381463 1.5729412370243228
3985.802311744272 0.2919185932759064
2473.931015941973 1.165542927727966
4126.968506446548 1.443969186866336
3523.450235880332 1.5798283763304304
4766.412988404544 1.2818148856154263
3688.32184669586 1.546322436775938
2496.3741307835744 1.5099685167681625
4067.4190907032225 1.45520236484036
4074.637348958325 0.2099789487901225
3118.6712199782087 1.6142056066730535
4521.480139636665 1.3379611650344374
3421.856973451687 1.5910513736403993
4638.421674912672 1.3091996631082452
3812.2575749397415 1.5158243510512175
3479.9923339175684 1.582067471676173
4935.552723552281 1.2375820135012827
4592.863123395874 1.3180221735961593
3408.912000118822 0.6517711808902013
4630.859484081557 1.3079406712934178
2438.125778059294 1.4682223274979525
2929.6880362468432 1.6031720866480852
3907.6009791700144 1.4866999498917197
4533.15574796082 1.329007220878733
4312.7980526138 1.3839471268234458
2933.2822703250267 0.8906965531795149
4343.892706245832 1.37455755761002
3030.915190194431 0.8423961025103095
3634.4749507835786 1.544272441043489
3986.6690634653005 1.4605303078627325
4412.668650129785 1.352747668074715
2723.936924367906 1.0070226383625922
2840.344905113415 0.9422629704367014
2829.007293810783 1.5864506167766004
4009.754863791283 1.452409821583491
3807.1285717387505 1.5014693122456086
3107.693900349745 1.6002892113334097
2803.7004327192017 0.9636898092131398
4820.088014759514 1.2510624559116568
4139.450242452485 1.4177637915845722
4492.039711357673 1.3288008211363362
4289.893856896309 1.3791545423150793
4255.853306561118 1.3872333271350286
3468.433153307746 0.6297295507488243
2729.4981066887653 1.5664189590245468
4019.0335795339224 1.4455117842352738
3216.9895721645216 1.5912738167052545
4487.735292340807 1.3261454057592128
3198.2632332549424 1.5909097114765958
4594.508235113247 1.2984454239957155
3960.2132794635863 1.4557201595255136
2511.760410888844 1.1577184102846678
2767.709353395384 1.5680119551195546
3351.8136216942735 1.574552357340457
3688.363037161951 1.5171391692748961
3277.5379062263064 1.5819722165835657
3463.9317939135476 1.5581526065963878
2426.167662731416 1.2508423181050181
3380.163360749945 0.6795076395517234
3324.330726466081 1.5750454969732257
2729.058890950453 1.5585113237846995
3266.4280162845193 0.7365778886845907
2604.6492468633373 1.5245111983143782
4305.240369742764 1.3621700934185308
4472.301103612133 1.3199323437934931
3704.6235070789594 0.5128979355851967
2456.7028277141303 1.447489898431134
3663.108380644274 1.5134358347697203
3744.035289973568 1.4956613715629552
4954.608210564192 1.2035987002315776
4450.704728485843 1.3218269411004746
4571.509132071587 1.2924967975821617
2620.8641905215586 1.523872783632395
3434.688319526645 0.6578339780592017
2409.3158312206683 1.3082166999914637
3786.0518339711384 0.47057089519954076
3612.833016628962 1.5188182350759618
2456.3232724672584 1.437017152169095
4972.986573467811 1.193899365536377
2466.0929295493534 1.4432651151724298
3661.379428744992 1.5042186118412533
2430.977893633855 1.4016113780026909
4046.7192243700238 1.4129378014708536
4195.265019354241 1.3755520946453081
2935.5197160092475 1.569274685743885
4278.17896334412 1.3523101933825936
3969.77701184411 1.4266529787352846
3275.7370359315805 0.7433246375449191
3343.674144358742 1.5494189450371076
3846.8154762409167 1.453676129674419
2884.9998568716965 1.5605815011757262
2858.314179901725 1.5573835764758401
3609.0919282863324 1.5048854870589272
4992.606447279246 1.1787664385996053
4198.725861618112 1.3654569707573214
3840.2156563161197 0.45013066014859865
2476.9266497270564 1.2212141504618086
3819.819377934686 1.4567989764133136
4209.289869611371 1.3615535433874315
4777.9474504952195 1.2246506423287025
2625.044116166502 1.0951005042457993
2448.5782377385995 1.3978215728071663
2431.446125696507 1.311464268147833
3073.748309996823 1.561563166422093
2572.0393731830177 1.4852482479817117
2864.156950463815 1.5522119046012108
3692.1878144465145 1.4805008709715721
2460.9366490267876 1.4095444852920487
3082.3528614780626 0.8424741656067655
2523.2751138926 1.178554983127768
3367.6039506812617 1.5379311137909188
2433.131656883263 1.3455887707718157
4671.587240608434 1.2448521777490806
2722.583721770108 1.0356170013023145
2441.733012852695 1.2907688720015331
2525.584772926704 1.177841272222814
3661.9828923631158 1.484580063263738
3599.2406474300287 1.4970911796868678
4178.873779570106 1.3620084330267181
2559.232846655392 1.4754299574747296
2702.630110244921 1.049294699125654
4553.13542158403 1.2692448390672626
4241.704136129652 0.08126722219590507
3074.6606590653228 0.8496088469199373
3850.222414419333 1.4376731830008582
3787.353123115133 1.4518244092459283
2832.1865988866202 0.9762549760265948
2898.6642395576614 1.5469647365968098
4015.612653465047 0.3473834304224089
4386.232458861092 1.3046844609086816
4821.350589710182 1.2017586555070894
2575.176239145066 1.1430754195135446
3371.9658811004183 1.5271062943847402
2712.269835359484 1.5182181032848696
4528.109395588429 1.2696030300384926
4367.194845156627 1.3067903226012245
2712.8058583040497 1.5166533112154994
4810.5734714672435 1.2018457259858781
2766.3057820939944 1.5260708732125607
2931.3506348977007 1.5440201744606443
4087.9486799461088 1.37010103847879
2936.16445837445 1.5421747860759745
3523.003128744373 0.6370931570238622
3481.157282523991 1.5033989925516655
4397.683193924017 1.2938389326034092
2695.2561390888545 1.5065470661867584
4004.630190187844 1.3875137915829971
2804.9250648460206 0.9985754990486992
4887.989419266202 1.1776075293655752
3037.226681136818 0.8761395982366832
4056.9166246336654 1.373287517806633
4359.532467690289 1.2998307427248301
3703.6139102676702 1.4543440692864547
4229.750340833148 1.3295075024275664
4381.632567425419 1.2924781457824015
4749.853231961559 1.2059186485663014
3529.579220117421 1.4865810602046232
2622.2333898747074 1.1190159070176298
4386.394351595354 1.2883161076916718
4634.8454364156405 1.2294637841910776
4708.693340259574 1.2108977978848283
2787.7954798248597 1.5159918053982187
3409.1950979506937 1.503367577697033
4514.120169387167 1.2555791907756046
2652.967676236922 1.4841878611101877
4031.7681471954984 1.3710715179548665
3751.604534880048 1.4365729400798477
3420.864342573434 1.5001861099250686
2478.498075161968 1.3143662605072965
2529.880448489794 1.2120761787483463
2654.1835269470275 1.4783606672828518
4408.321016845395 1.2747561744749456
4039.6907252307806 1.362869760090589
4998.2620011922745 1.1387186295808476
3759.457508779374 0.5279176392740749
2562.2610027755936 1.4368458790621956
2497.053633812103 1.2618678466054036
4935.788849312092 1.1518989819679253
2611.3989922798955 1.1372323131949538
2507.8600314006803 1.2440809155358539
4742.839927980489 1.1951310032365674
2486.9030052833477 1.3505005054299544
4034.3473640418742 1.361868572813021
2484.429529202686 1.3185765519070434
2729.5712923745346 1.0565118048019977
4697.6667398226755 1.2025163094309272
4623.581060507226 1.2195368337760828
3988.9274521867783 1.3699572865524903
2487.8693201776855 1.3154572038093795
3474.9323787282324 1.4784542081019665
2731.623887246597 1.4916508651733837
4188.028949591401 1.3195100672752405
4425.491728141127 1.2621590610347697
4376.988113054372 1.2730523200892578
3637.597000981791 1.445184656509569
3684.057949650756 1.4352536335722408
2514.8292080012357 1.2517499228279119
4001.1045353371683 1.361055614163458
3609.1244335317997 1.44851269909292
3637.4132239117953 0.6001874267667756
4790.078935479781 1.173671323094087
3768.1283807951595 1.4131928651456562
4541.93090094155 1.230386975280243
3793.795514745401 1.4050660645824262
3183.1567120157956 1.5062353574207168
3064.353078944609 1.5110516064328787
4944.445605511937 1.1353686812137316
3984.8799069455126 1.3591435306855626
2700.5468625846534 1.0861059621941545
4110.125232181932 0.3251954889105844
3655.374947505756 1.4321150028739766
3437.6042677363153 0.7020716878626886
3760.0985099835825 1.408642854494505
3848.306602764533 1.388350922788088
4395.975223446458 1.2583869393605034
4003.5404475978703 1.3511944519243084
2536.6371274276867 1.2374614702966082
2937.0699382753755 0.9488761156231906
3392.156000642435 1.4770828316251483
4884.133687984928 1.144674115175347
4409.054199457432 1.253808150804635
3851.216807569879 1.3851747094384688
4487.502633230771 1.2333616598124175
3274.3156334764494 1.4902107524434378
4343.506265392015 1.267069950349003
2514.765472395777 1.3075582270993398
2945.1050679295145 0.9466734907887635
3169.255235919147 0.8342225137283216
3955.206042995694 0.4378106453638537
3302.859942938911 1.483698102970905
4247.827787828388 1.2866996856501822
4113.319666370459 1.3182765502846951
2537.3316961070777 1.361687270718312
4898.303020748837 1.1333534547146356
4137.665291095008 1.3078152194530217
2557.480797016442 1.3795878770117929
3140.8142859836985 1.4914867405249452
2955.7805911295304 1.4930957216515683
2690.2581808424684 1.1076898372044994
4016.0614730459306 1.3328393049364289
3615.7482035495236 1.4215648267893406
3792.4301630193495 1.383761577136051
3962.916868348475 0.44232039733375794
2535.015408678978 1.2962771485195517
4671.28903366771 1.1785004313663912
3451.1757560406227 1.451587253798564
2699.8328309098138 1.4513080906994915
3222.7894539176264 1.4813536941749683
4252.572052578608 0.2272931210496172
2537.615826966345 1.294344799570187
4046.4560889347385 1.3230349449634788
2543.430896998573 1.3399469649531746
4590.649317736608 1.1941504976946364
3643.0844975876007 1.4118371578385975
2847.213089676081 1.0116579533146308
3841.40971401226 1.368024257079724
3826.303000490676 1.370696363862429
4403.874335885765 1.2354656757565015
4737.8378185748425 1.158332671016574
2543.6173390021922 1.3037841654205564
3020.9671283557386 0.9189793424916363
2625.8131711264905 1.413542862855615
4835.794804724008 1.1349351838720043
2601.05513505796 1.3960343188134925
3837.9241690432164 1.36521468873587
3472.5247701046683 0.7027383052226659
2639.2355482887647 1.159540943969705
3160.653883053688 1.4774085744815317
4471.417619259927 1.215336568342342
3815.7091983587884 0.5334602828417168
3161.5743505550104 0.8518994927261982
2597.173422775496 1.387345525626094
2729.317568858713 1.0909947364407562
4744.42166096182 1.1513167503488213
3318.3088240716556 0.7777444434197361
4050.0543532320326 1.3116844168163442
4478.0440775886245 1.210785567047354
4606.5540636408705 1.1807122261771572
3666.200107275778 0.6120391403512938
2557.176209362856 1.2963037771067099
3086.6322023511475 1.476496154884235
2660.5109202324543 1.4182305080407513
2803.922797676603 1.4590322024146456
4258.133159746429 1.2593162106975249
2649.5118580209005 1.158106352378962
3898.6234321415814 0.4935309097257628
2665.5680804732565 1.1445028402476773
2562.7152010626237 1.304138243022233
3771.616561029351 1.3697830552114982
4259.650695162847 0.2485605244173191
3267.0248320666974 1.4578384304545857
4137.645605364542 1.2840921585829812
3456.745051412742 1.429556965928733
4960.162920117377 1.0939863599688797
4356.734608014218 0.13632513235083307
2605.4514763819666 1.212408036951701
3399.888377334638 1.4375429914565685
3680.7679900064195 1.3848847565955769
2704.9329316105664 1.1193630272826705
3845.3903472622264 1.3483479260971039
3185.9242578283383 1.461448206794497
2938.9513144000266 0.9741996842183631
4318.420208201266 1.2371037583751554
3822.724952851209 1.3519441147092337
4176.97027350406 0.32650674513531047
3127.809331979019 1.464402345131753
3870.0672566636276 1.3410031032431515
4496.8163007485555 1.1952166401686737
4242.473994088177 1.2532679868154406
3957.0448667974874 1.3194474937927976
3916.411998187171 1.3280485614317838
2580.749436508032 1.2818560150276388
3009.7047819803024 1.4629988670841476
3281.7385334644755 1.4460302205561568
4719.9900640611595 1.1386921203724523
4142.499801304041 1.2714214240412702
2669.935802246669 1.3994251156222062
2685.6722983323066 1.4068031488804744
3522.282219354601 1.4067128793424641
4140.911263863044 0.36133888544248155
4489.557950232253 1.1896384963593658
2596.538896839556 1.2549300816050526
4300.808739633635 1.232749453178081
3380.482561481241 0.7621086853219019
3093.436960725573 1.4568019953949414
4600.6437249249975 1.1626215208154287
3582.5107960478517 0.6678272341330388
3830.8699665228205 1.3391188102955724
2685.402258996199 1.4004506290535024
4583.308023666509 1.1639054313490806
2712.603357108461 1.410196614906066
2851.215099181985 1.4430814569885733
3856.9122158116966 1.3312132771733545
3980.207345486335 1.3026831406587351
4252.285923741686 1.2389516089956583
2752.327915549455 1.0999921270717816
3865.8333898919286 1.3275730706515834
3363.467303950867 0.774337423050327
3165.925973111416 1.445625127956377
4880.54539466602 1.0928578868432048
4872.576168084868 1.094621064319975
2722.7792343908927 1.4081495434083258
4881.814708175701 1.091761701431455
4675.855988889637 1.1377557921973998
3525.039374659593 1.3947313551580556
3984.56564117741 0.4699046067952785
4238.693852276949 1.2362729745845893
3733.9588217899336 1.3506127629116615
2654.653979202052 1.1945964841941363
2650.603874512479 1.3612220572222524
3734.0324950039703 0.6032120694079446
3119.7031812264763 1.4417203363176323
3762.226885615021 0.5900875836543735
3585.0377776280507 0.675717207260113
3532.6029547236303 1.3879837913278177
4081.6638118736737 1.2691345304815826
4768.5312352763885 1.1109348748007144
3405.8408228929293 1.4080341672754562
3542.041290279869 0.6974154547569122
4021.1829140111035 0.4553121443528678
2677.6578502126467 1.3715346677906588
2988.6523632431476 1.4387615792295612
2627.7555816560543 1.3156337337657733
4568.968903735251 1.1523352880199964
3760.8653978470315 1.3370385118829553
3039.7157876745046 0.940938702840688
3829.2970039238585 0.5609701239883106
4651.450864008517 1.1321257314016473
2887.5400448141622 1.0260133570738414
2755.690210651502 1.113582971758445
3204.8503950246154 1.4276163962177504
2744.3033664258433 1.396921195591837
4257.539149899958 0.30473918362047403
3579.139332134744 0.6836127365644492
3751.7021693650395 0.6010431619230179
3703.893612843285 1.3453155693743524
3727.6912824490187 0.6139689488245289
4530.090510962535 1.156100110182654
2643.8994801095223 1.3184364847551702
4661.389732409116 1.1256878602536557
2947.5023924817237 0.9951722475945104
2646.513371248403 1.320906946095636
2970.164117757856 1.4284865400860722
4933.020553684793 1.0622983778687425
4069.4954044611804 1.2591493929497648
3799.6233109387695 0.5826542596853909
3309.082780125392 1.4088537219179416
3076.2332056762357 1.4263369006181552
4188.557511056993 1.229828890568959
2694.8534969579414 1.179487332225602
3819.9978816452303 1.313405659734915
3309.158479861432 0.8160253695539557
3213.6994735111216 1.4170007559800528
4824.566338690516 1.083438155310605
3897.1223677518024 0.5354645537990874
4172.426078835331 1.2314213686653497
4916.657449573423 1.0612592373928114
3158.3282988125843 1.4190401824010743
4983.47611377864 1.0458823498273704
3165.872973287598 1.4183350323760548
3637.9387085599556 1.3480925834601232
3330.7365077796344 1.4004890111201083
2779.3189945793383 1.390229166030005
2935.647501757006 1.0091237468919796
2911.1382936403593 1.0238103417660067
3961.648111091528 0.5050373815693973
3327.0992005910225 1.399727574485542
3276.8270683356195 1.40519341413253
3208.828251785862 1.4107481833512527
4379.339792494867 1.1781486935360632
2910.8953241226413 1.4114985688376647
4144.916630579603 0.40291239691712916
4336.035999224146 0.2651649795420619
4068.060615621531 1.2486104442604664
4778.2081758332915 1.0859299036480237
3542.6774901091103 1.359743457005044
4908.588101822622 1.0557365245311732
3125.438607554146 0.9123850220292239
2923.3987252338434 1.4090461866675297
3284.019176111857 0.8354490190051753
2991.6005645045316 0.9836314921018889
2718.337126082156 1.3500486089412824
4225.746280631054 0.35645224510272866
3905.725118679242 1.2804358204921642
3095.4121910964063 0.9302106391717252
3826.339058924573 1.2975342693593364
3315.3200250878003 0.8234121684021118
2674.6998984421984 1.2675011475029705
4159.835173657182 1.2208517323637689
2958.854773093035 1.4061622190024328
4038.9881615920467 1.2482421101597472
4102.707354317994 0.4373725428807361
4125.315953552995 0.4242241258447052
4004.0843931595696 0.49284108193572873
3677.9422028106974 1.3264166848426955
4790.103218346778 1.075138095095222
2883.475812099798 1.395207385670068
4155.686677530711 1.218613322132365
4416.549228960493 1.158492909077453
2691.904842872815 1.3020453229843825
3193.6342612307253 0.8852843597841754
2760.975415282259 1.3594603799374854
3031.3977687650927 1.4042904180861155
3493.9317980016135 1.3581837363831448
3976.3946000319274 0.5116610225160102
2752.2582526205524 1.3532668475549339
2791.220225891185 1.1208741606072696
3617.248346548196 0.687460088125379
2828.163710019394 1.380231741205083
3825.0095933373727 1.2904737836741154
3701.3277135061053 1.3164429776623927
4255.183651317985 1.1926439599000354
2690.866788815121 1.25590711487873
4102.377626441747 1.2275810298078556
3980.1001677539016 0.5121290741949057
3930.9859618801624 1.2646470513123371
4877.190371915396 1.0483571915917271
2704.247643569382 1.2975568209008854
4407.59102806105 1.154372558581394
4076.2361101916517 1.2300591923241306
3365.18380416613 1.371882762195708
4164.199231440274 1.2090136800483104
2706.0820350667564 1.2343866372449679
4684.189773386203 1.0896920032174773
4130.474074979011 1.2155496161726016
4301.953125251861 0.32232459091798055
3070.3898942685437 1.39489753685987
3526.0940475455045 1.3425362936913539
2873.3617291674686 1.3779538808882539
4162.172301686196 1.2059987669821817
3102.8835882119283 1.3914369237797513
4364.6030449756545 0.2775524250383398
4004.1244915960265 1.2406967423812443
2991.2019012748383 1.388908237300833
3697.528350724158 1.3062705405687234
4380.370353089314 0.2689205056438307
3212.3655653056794 1.3814637401763208
2719.359871353736 1.278759666685805
3767.2571428380843 1.2893726434264958
3928.6138184992265 1.2542371103808592
2943.699083354545 1.3817267440034253
3815.142189520005 1.2787927276589486
3399.1774299934104 1.3562570829167455
2754.656929147508 1.3197327894340758
3917.165965769488 1.2542065207895705
3127.149258400127 1.3818468458548248
3987.9665371788647 0.5225676328335804
2997.429462755539 1.3801697116499674
4007.4491659268247 1.2317887599225454
3856.699454445392 0.5892802841145529
3989.529442972949 1.2352458908798796
2801.1432073123774 1.3387505857126045
4653.033037785552 1.0829457555483515
3634.3304218091225 1.3088586223886123
4423.48793576428 1.134050710250059
2819.5933050594554 1.3434064507586825
3100.797688233598 1.377352696653986
2737.7740882759254 1.2519871573156809
3384.7326148961893 0.8141658789358442
3384.869107630215 0.8143878538232188
3716.7289320174013 1.2876512658802868
4449.215532469499 1.124243862070258
3829.9096043198315 0.6086453959737784
4408.963778968895 1.1325346090295547
2822.322608179545 1.3353932964230015
3570.212044342444 0.7303083491082788
3239.8358425708716 1.3626036454017008
3694.3896027370292 0.6734246188040883
3555.4828403248357 1.3162046938155303
2870.023945266158 1.3488729372470656
3473.6759498591337 1.3302151212291862
4577.384229692384 1.092018368174702
3483.54430251775 1.3276332952741052
4354.9219528590465 1.1417871137300941
3561.7399844056304 1.3135711372819232
4689.53848328777 1.0652426638500003
3912.202717514434 1.2406972494196202
3534.287806572222 0.7494585945981403
3841.789470424938 1.2557706853295882
3173.206008012168 0.9208835903500993
3272.373075323406 0.872289931418122
3891.9323807376854 0.5833546793702402
4243.724182942378 1.1649481087551645
3188.2481315395466 1.3618497829386296
3422.8586029784146 1.3344762984836935
3803.160000682935 1.2626533767798953
3035.7260033223724 1.3635998685285746
2790.618640060967 1.3020310741863086
3796.972659915954 1.2621378744106315
3750.3443490903596 1.2716564852903138
4314.766790362314 1.1463159308405853
2838.29209185025 1.132086778019101
3683.094137386676 1.2842477286750171
4185.12747514798 1.1745436059156464
2799.602022643426 1.2998537511244592
3194.502350210797 0.9153085423153513
3432.6553118359825 1.3269226902780844
3577.6914639452884 1.2993157480100692
2986.464159719463 1.3507520317453519
2783.174342541502 1.2582585540879707
3384.4682981484552 1.3302211836840456
3606.1832275668307 0.7257690069843362
3809.0219398874665 0.632241979318351
4420.9509551840865 0.28647488374783603
4362.590902021027 0.33055315741162866
3889.920608690355 1.232975222608824
3422.032407471389 1.3226746585531477
3476.298421405434 0.7862483884032455
4091.5825913554986 1.1869166151322013
4631.15266687123 1.0641983022427544
3000.812334642171 1.3461577514050715
3154.336211547184 0.9422803317440662
3197.4081419928852 1.3444376285449469
3237.7220938505916 0.9015625476013217
3179.454575917311 0.9308716313428862
4547.989071164846 1.0793469550078507
3096.4855049367557 1.3452797578505142
3415.846736418945 1.3172782459931138
3776.3661007081273 1.2509449644801527
4540.060555385042 0.18499841738228207
4742.351467075017 1.0339134341005414
3125.1539342384704 1.343119101670222
3736.600457292079 1.2577940696010301
3681.4650781185037 1.2686546736631308
3408.129254006262 0.8238836476923731
3018.433577919511 1.3386313680562592
4026.989887230476 1.1937820304770204
3238.456593492988 0.9060192659810512
4217.560736205873 1.1503298721816058
4422.760056298842 1.1034180511364826
4223.471115000275 1.1482345824442062
4388.797163960391 1.1100045933542604
3694.3172125342126 0.6951567625922649
4425.606087598211 1.100806130024956
4849.208394040719 1.0040227459278903
3634.8708778477835 1.2724666358968004
4781.614508818088 1.0185695072188934
4293.038435629656 1.1295956734375374
4628.896989733067 1.0531271950454035
3518.2630811838426 1.292847383524857
4614.945259288328 0.09121884083301973
4473.127621097389 1.0876882269985353
4208.5093535784035 1.1476818531876198
2964.499453100353 1.3238848796089777
2892.841941276193 1.1213953179816374
4632.858936958666 1.0505302295926822
3981.521171796029 0.5642875714938763
3339.0677340956026 1.316679411947169
2830.702338881553 1.211041138774659
4325.893419071337 0.37830353225029134
4338.156996830072 1.1159948728133346
3237.8784650846205 0.9125578324237461
2906.4590640387532 1.112446629812365
3124.361899306409 0.9716272881181216
3095.1823709644177 1.3306831513113064
4383.157739910364 0.34305127518010486
2862.6895555731567 1.1606345436353576
3603.854456613778 1.2718416181251773
4984.534420883123 0.9663385853140437
4386.024463031641 0.34430847617243093
4513.7494224860475 1.0721834982933878
2840.6291625428667 1.2323005357689725
2932.485095996244 1.3058339003985577
4436.708022053488 0.3092952991348292
4241.223306148755 1.133332399322691
4495.649642274495 0.26301446449777727
3712.2319774224547 0.6960651099011448
4418.836582879201 0.32366052258362343
2930.9678609601206 1.303287074898996
4079.3800637104328 0.5224290870717962
2893.559857375689 1.288194255132756
4190.237393105644 1.1435523884317802
4971.959440943266 0.9658870449436794
3605.660037870917 0.7451763137552216
2862.3984547116715 1.2640969972819875
3901.2195320228216 1.2071005418276382
3882.1536778294926 0.6188697948221599
3999.8420486586087 1.1854406837193587
3063.5084295877255 1.3207937490445736
4152.667277025813 1.1504534749337891
4511.943320903602 1.0683184971186008
3342.0519769275174 1.3061040080304065
4684.796269785473 1.0285454495480173
3771.3578229707805 0.672638368861867
4348.226888345473 0.37683945653235024
2891.9113784486185 1.2772634949760349
4989.715700532008 0.9580707736438618
3567.332538130101 1.2702050123990318
3261.7044190145875 0.9094944653448098
3031.680188684781 1.3142728900442993
3580.2336878909587 1.26722607958882
4265.971136385074 0.4293864754752618
4626.037245117152 1.038270486487969
2961.566316688429 1.2977387034786938
4198.812297831153 0.46859441324208406
3204.177999531467 0.9417951717943812
3403.8018256761275 1.2917749486965586
3078.068705190633 1.0117596301763712
3063.049348939924 1.311388606422047
3172.072142817971 0.9601940574665948
4145.610549297182 1.1439029840462387
4549.92449810241 1.052213105697337
3267.811785541348 1.3044636499435183
4785.8030462472725 0.9980433844779987
4694.170570553434 1.0188142017765789
3208.232738998493 1.3076492772923627
3473.7532198240515 1.277949454393252
3309.900974135976 0.8922730856948317
4404.137298795969 1.0834745922006002
2900.965739299098 1.2593104900170184
4157.411709365721 1.1388391922485934
4184.788603764897 1.1321626456052412
4000.9985126382176 0.5746330122597039
4754.350951061105 1.0019162370546773
3118.658164320578 0.9945804739041726
3163.0511509024973 0.9699672089017933
3174.6784545945643 0.9641721189292984
3163.7188777573397 0.9703804758231558
3014.363575252018 1.2954622319554407
4629.907762295185 1.0288250595142767
4068.4373344885325 1.1550114629206967
3417.585904316896 1.280366583066841
4112.857140748754 1.1441898023801642
3827.1606714902196 0.6590233385705443
3414.743298253942 1.2785832910142152
3444.8674619272983 1.27426134898224
4058.3491927589794 0.5519231798477187
3603.558629585655 0.7616055115474986
3930.793806476828 0.6132450150899194
4682.24752141015 1.0126072044941907
3077.6433415464885 1.2956394001292952
3716.404666882677 1.225409352711699
4689.527794981927 1.0101953954031502
2934.4721864075227 1.2580150875189775
3930.5904873386053 1.1804589553899785
4309.336346470767 1.0951022969139705
2923.507755682797 1.229409564518768
3749.647595372718 1.2131674206412126
3315.477784711604 1.2822063394247363
3032.8691629398973 1.0626328842585582
3489.9702828588133 0.8193568887520872
3320.7036623793997 0.9002124377620113
3266.215288612533 1.2851969341903455
2953.023255612353 1.250878945961439
3539.3756577199583 1.249997279227664
2921.769435093919 1.1969089635346712
2935.813826962249 1.1581180106384663
4415.201892063986 1.0657465833592452
3797.7708470884445 1.2013522407439488
3815.5814193174083 0.6737763807274589
3974.461870008126 1.1628901882609588
2977.817172728651 1.1124122102891503
3147.2354816478387 1.2860237540508472
4913.964067863791 0.9501104667203284
3805.8184236920683 0.679649036995855
2928.6508524556107 1.1904234308985069
4029.6694541352304 1.1499646902654213
4654.069133908982 0.17321728040137135
3422.252185168412 0.8556678229910373
4325.159268402298 1.0821273768654345
4616.715786953779 1.0157105330320662
3526.199071414775 1.2471995885034417
4482.193578792947 1.0461187289560967
3167.4599320441175 1.2813292007132282
3424.495557135485 0.8556987715606362
3506.3509073509867 0.8178596407928016
4554.438488739077 0.2768649461696227
3420.287650067128 1.2615950951346078
4592.011032508976 1.0199939485481668
4565.543538852351 1.0253842929502626
3344.8409646218297 1.2687539675992738
2972.2656670265897 1.2399623892987084
3075.2837914642128 1.0479238605877976
3894.084720409693 1.1718125466110496
4482.888297771436 1.040972654149119
3257.5595869857348 1.2725036886081005
4546.074596409401 0.29130462594747597
3139.5311436936313 1.2735045055236127
4379.154829539908 0.4029622503002752
4063.7070100515643 1.134289083523297
2999.397691443447 1.2465150700395649
4216.682269125759 1.1001754751330164
3006.2835221611704 1.2492235119584891
3595.140546760349 1.2286511804502838
3481.2943492328345 1.246843167385445
3328.9824509086425 1.2652020511178177
4820.374730097927 0.9619346938074671
4060.982494090561 0.5706317662180458
2964.6426555182366 1.1611571607090876
4655.156243067244 0.19696188762065714
3520.2940205934415 1.2395174417739145
3746.5180251589954 0.7154803347146198
4888.476298354066 0.9446827282112482
3888.741246299351 1.1690242481041
3832.9207622708095 1.1805687994025207
3051.3019369821955 1.2573032471105654
4167.924160584086 1.1083045317966327
3319.099066930402 0.9152956112581315
4866.020071478392 0.948305197474646
3847.3230682441927 1.1762722106332189
4710.664732061786 0.9835271425649588
4349.171825000422 1.0658560977260292
3950.16648503583 0.6261345502346798
3596.2647312603763 1.2232173189783657
3739.0095013541177 1.1968247513566221
4771.535387795501 0.9685808447819677
4140.285040413035 1.1117313061135328
2976.4571016989653 1.2050642315634563
4440.033188361886 0.37551797718912133
4841.320792576216 0.9513498587021981
4287.768212921061 0.4630943323522081
3247.4629745521424 1.2631189624408137
4278.389166287996 1.0794386273735364
4064.4557019106346 1.1260877027536755
4731.641737083098 0.9752158506725717
3430.5460432186796 1.244543612036194
4779.67227660653 0.9631637341631818
3404.066484486928 1.246948267293625
4486.709671780091 0.3501422019258572
4191.814076852072 1.095973692053235
3398.824286118703 0.8821697122716097
3695.254906694504 0.7457871117486158
3292.3157467947726 0.9363849426949796
3655.707766576771 0.7644316899342661
3161.9490735279533 1.257011825279974
4028.0928268157613 1.1305325706918607
3150.003911385318 1.0176251106591736
3061.364922176691 1.240827252253985
4069.992042033794 1.1202093292770678
3292.583230132827 0.9381853535870075
4746.9772182260185 0.10700157231865953
3825.642206307899 0.6903760166638118
3343.3618392658586 0.9127865969467343
3178.084923290158 1.0026638303365905
3451.7271141281058 1.2345689247695226
3531.3238182694486 0.8244484352006727
4399.08867449899 0.41204393564414027
3479.4122531019657 1.2292821815348554
4864.9583784674305 0.9361900912172822
4811.512187486945 0.948492606765406
3896.0067132398444 1.1535212441865215
4459.719633862054 1.0287137510926438
4610.703169394707 0.27275480536061064
4520.311903417912 1.0145924076806374
4735.66182089772 0.9643155840398532
4848.374441814651 0.9381501359579426
3427.571795109519 1.2337096150538638
3311.5846799371757 0.9339034643043761
4375.989927860924 1.0456296654893131
3037.232717759273 1.123620924314642
4148.2509074828895 0.5483908166403563
3110.54488754649 1.056767573138777
3625.4310412990085 1.200353544945928
4747.732836324928 0.14309252113023177
4657.5685817285 0.2443401228569027
4701.9154143270125 0.20174860955968058
3128.4773061729525 1.2334499510256316
3922.5525402034796 1.1407284628206498
4841.411822624177 0.9343002371664255
4710.396315123815 0.9645851423984868
3515.170619849625 1.2156611133628388
4823.702344474734 0.938166078021564
4740.162029012564 0.9574774790201545
3033.370389560165 1.1722806939859398
4627.336051244514 0.9825593508920886
4790.268001984505 0.07411601326957266
3610.4884014388967 1.1987134289083134
3050.2721316601987 1.1321632710295335
3490.8218450640866 1.2159008937791291
4671.591358907163 0.9701696138987714
4683.8256415055275 0.9670324411006928
4157.724359536189 1.0861200931843713
4851.401596586237 0.9280550458200032
4105.380554475389 1.0973349354611581
3272.5618183592755 0.9653530338635606
3680.8757004644035 1.1834484222550719
3054.8973865424423 1.1348563191304109
3052.3489584726467 1.1452892689598886
4741.368111290512 0.1753321688980124
4352.453274823127 1.04042135904315
3385.7991166468382 1.2243436456400938
3366.9426396460967 0.9180739081969856
3630.9972835098597 0.7932045912775857
4832.573602907584 0.9292818798900542
3269.6539420480344 1.2299678405784444
4655.055040977237 0.2640879539528871
3894.0013425409766 1.1386253252523708
3552.3035533391076 0.8306537055533361
4065.5735609070766 1.1011172181460944
3065.5827154752333 1.1406819838009765
3077.071889338761 1.1893652995359216
3073.116635458276 1.185093324972832
3105.9839568852767 1.0858487361454143
4277.232428801406 1.0538808782565465
3182.9060302695298 1.0265899146541588
4316.139607852132 1.0444252632281308
3723.017800664106 1.1692748623803362
3835.931599483633 1.1474584929770106
3915.1245430913045 1.131184897198556
3077.570835805015 1.128005858701563
4243.623001445517 1.0593089875873842
4141.235894791232 0.5676971173610437
3885.3755468279705 0.6844879259914377
3165.836309498155 1.0430837751559419
3530.241963505392 1.1988009115836313
3970.971065872086 1.117423109329323
4615.917220339016 0.30464325723122593
3115.361361853092 1.1990545529512604
3363.388033022076 1.2164420984598299
4164.2863461371435 1.0740708205134255
4448.426739541651 1.0100175269829912
3085.1435022584756 1.1375105650641648
4484.186313832191 1.001587021382382
4801.822220029307 0.12406536186665146
3993.449423474937 1.109769020154126
3308.3752311342946 1.2162926304287793
3088.479812081507 1.1553511625093789
4870.412869411277 0.9107606911995414
3816.833252316639 1.1447515487017952
4403.387540485342 1.0179244172366335
3744.9566366116846 1.1580498568666453
4305.318959322662 1.0395906148910106
3998.646173167944 0.6392851702818388
4297.311590564784 1.0407815019792608
3175.2520290439656 1.0463705041016744
4831.966831505801 0.9174700391987377
4387.696688935548 1.0195611695995983
4115.203871927634 0.5880518590220497
3205.648420973701 1.2066980527253386
3113.153792504149 1.1124212855920146
4510.982381117419 0.9904649247059615
4581.985144926839 0.9736623299735785
3136.6395258341936 1.0869233060190722
3543.740166588934 0.8470404425751753
3193.918894159889 1.2013186259974569
3909.2462771772803 1.1209302815459194
3390.8010264014347 0.9235672121001508
4364.18866792772 1.0206235609985543
3690.8801206675494 0.7816640530989772
4509.4047210288845 0.9873442071897324
4815.573763648347 0.13649802778487893
3444.118189364091 1.1954676396321826
4869.36963982033 0.9030334657510415
3214.254906617496 1.0291527574295227
4979.35507175676 0.8768899514268705
3223.140916747597 1.1990228883367169
4870.792842020038 0.9018411163780783
3706.1473846512067 1.1556306115229933
3325.766584494452 1.201180319819475
3323.1497522503146 0.9636791063270549
4839.69550002858 0.907562773547115
3819.276342435845 1.1335307329701467
4154.672509498723 0.5773538208789053
4672.104370586372 0.28904461281233756
4404.957388684045 0.4547442174177861
4521.945777264493 0.9802193621248234
3163.6203000862342 1.1761226727207414
3318.1275886670614 1.1978314479034848
4141.982606446856 1.0648888690019889
3206.695597901699 1.0420228783403989
3520.4536397325237 0.8660318504697092
4518.916706576986 0.3934899338043183
4505.887223191218 0.4013140562655933
4233.711765555207 0.5428510484185495
4763.598719609906 0.922352717234468
3310.2426141543438 0.9761442979010408
3146.7214111942417 1.113822548894363
3764.2704797271986 1.1395918523027164
3223.844461357708 1.1871445912209748
3524.897058817741 0.8666948661702382
4287.805115993309 1.028941983631742
3854.0821918855645 0.717692358324612
4002.2554411728215 1.0900201067680897
3266.990707052059 1.1881743565074272
4188.541238656843 0.5683284004296554
3210.2397087864733 1.049723468269512
3330.030549809906 1.1897703367510368
4851.7362295994635 0.12003854195247099
4176.890390488149 1.0516235348513523
4466.393826358689 0.43105801255008913
4289.602518117077 1.025456778599928
4490.884131855144 0.41810060515083963
4865.562594602589 0.892189848096662
4360.954838766518 0.48768151473620647
3210.155431941806 1.0556713372336017
4213.349240285455 0.5597343784436527
3422.430615789147 1.1817255019860484
3792.3334463584642 0.7488323695195039
3810.800804389859 0.7410464126553395
3267.5120168236863 1.181578639768452
4906.116227403748 0.8811414296764194
4939.428376375971 0.8732386389216601
3452.2895229977753 0.9083092950221324
4424.492157544675 0.45711217957764283
3853.677103153065 0.7234884705172624
4187.390201377498 1.0448157171797765
4327.71884048309 1.0128320882395674
4201.3674425288655 0.569311394181316
3357.8167874474775 1.1788792317152057
3505.308825587205 0.8851892286885611
3385.708953476763 1.176864532208908
3470.7612005030487 0.9033160136012058
3976.501421875523 0.6729176344180585
3653.8687480126996 1.1462533148716405
4959.316752056732 0.8635497430744222
3709.2403067345886 0.7919978669547243
4073.0559787742504 0.6307280483520483
3586.984330899842 1.155094330933406
3896.216275966939 1.1009574126189692
3551.4754256708748 1.1589781078673969
3745.4087008685246 0.7769906783001537
4590.702112110554 0.9483249929835965
4066.7124822772817 1.0648898000462717
3561.747503068051 1.1566802416046744
3862.6399685231986 0.7257890004501052
3609.5410462610926 1.149773073431737
3583.783677970453 1.153046880512826
4279.380105784682 1.0179099363041824
3540.2361485971905 0.8734337509021487
4184.746091204474 0.582733142413096
3523.3539551696163 0.8832739527921559
4953.998997700718 0.8601176394670265
4658.140594806966 0.9297026158459872
3714.762321152427 0.794373300821652
4210.197568462615 0.5736845491887717
4458.358631875094 0.9745320799577396
4835.121472971093 0.886814319800646
3755.6733410491797 1.1219933379103388
4865.473479005431 0.15830260217343187
3934.888259427154 0.698401688009285
3990.175829053466 1.0759052557327353
4642.206813845292 0.34810259794037696
3696.201623938108 0.8054659686313802
4426.646934205747 0.9787940650894528
4294.2195306015465 1.0079693479589822
4321.801827859442 0.5257078668725929
4197.110328062139 1.0289664976200068
4716.539547161172 0.9105084950693111
3907.0917035626385 1.0890521481383346
3243.2289359766087 1.1302517997426238
3485.593143047119 1.1541823640218314
4374.3237640916395 0.9888116299774625
3244.1795132339366 1.1268477017080303
4633.807691195798 0.36063718746499174
3964.1130881271315 1.076076024371644
4430.358410617295 0.4752577308345706
3270.023409028969 1.0524905536603921
4239.574480771837 0.5683136160712925
3252.14363919116 1.1121974111892947
3251.6572376865074 1.1074398633413487
3805.2569272626442 1.103286864519095
3293.107915241815 1.1391937870635196
4696.1149806805715 0.32651715146824717
3281.569902416503 1.1332832997046272
4572.032553648601 0.403644008964394
3257.9460929239403 1.1091192460190153
4802.463076572181 0.8838040712504397
4952.403765693291 0.027526683497473392
3358.288785709754 1.1454960509449736
4490.00156668025 0.4507045552239301
3939.136003246275 1.0746483332423484
3590.9263514746435 0.8661857134968635
3686.618999144669 1.1181212459076735
4889.512783806315 0.8600347493403794
3273.3631903347073 1.1043215574075937
3983.0839020769135 1.0629258316182237
4335.447531839513 0.9873417920610748
3346.3542672180292 1.1317289572568778
4501.940874259247 0.9473289541251443
3328.6123480033516 1.1264518887997261
4104.953770409737 1.0348070813588517
4070.900395043884 1.0418837041463254
4951.02710173085 0.09249283478778386
4901.849991301654 0.8521471277352201
4099.530093063204 1.0340322600500125
4853.751719506625 0.8624306275329026
3529.400391840188 0.9058239752778018
3814.7698012450246 0.7710609617724355
3491.187301234006 0.9267169235045218
3689.806660150922 1.108546370238199
4826.42547149272 0.25315605024652243
4381.04799600454 0.9703650993387909
3315.95238737438 1.0593449363897725
4127.62971236924 1.0254158840663146
4277.065263798867 0.9930056965712343
4476.92513688013 0.9480045070750742
4045.297524940834 1.0422952326249169
3907.279082990109 1.0694349182069653
3603.2991376022596 1.117788569693361
4527.949558959271 0.9342144812029435
3410.0024917465144 0.9822747172949022
3556.292459121036 0.8981913146619963
4847.611805961309 0.8582603087802191
3349.0741871510877 1.1084437149831865
4814.400621468098 0.8660951462609684
4477.086683237557 0.9448237324399084
3470.790044637208 0.9454285847779471
3846.7376477292414 0.7621563680205294
3397.733644362772 1.1195162770481766
4898.072000985418 0.845528906618295
3855.305815415072 0.7595027550260248
4206.215146717501 0.6045546832391885
4102.978446079416 1.0249301544734193
4754.760393201493 0.8778175619938089
4095.6631133478945 0.6548873399240182
3384.3069016007216 1.111687143265874
4867.098907361869 0.23289964437201985
3746.3322132593817 1.0908964974760829
4079.091432951031 0.6630450119285196
4110.002827914284 0.6499698136362497
4142.285739153158 1.0150799980797005
3675.1696546001895 1.1004706853192294
4832.795877372663 0.8567460270122779
3356.6315838661185 1.0447455679526345
3353.7205065279754 1.0497169027847966
3412.437898208376 0.9918022507943748
3480.003951858736 0.9477302982501836
4684.036665756672 0.8910043262988542
4220.754998393456 0.6032903448274651
4986.852169489711 0.8178500574775656
4796.498100898305 0.8636114689863814
3617.910778610229 1.1036275134981162
4561.5958414563 0.9178310768352311
4353.421762096225 0.96433835926372
3612.02518916004 1.1012947291252448
3684.398553834762 0.8463594476769919
4456.316176878928 0.9403848784401414
3373.513741982789 1.0755255419524912
4934.0371753329855 0.8270093887445557
3768.424639216199 0.8079441499557366
4861.249383685843 0.8443903178497297
3561.2942410786977 0.9097806555084552
4024.1064142528785 1.0325318899596672
4532.646723515018 0.920452956775979
4158.9056538609275 1.0027707909006558
3391.4103258517075 1.0436866542937757
3485.27888598226 1.0992047391294142
4090.2521729815594 1.0159177254180682
4943.040998383359 0.18975317004652043
3428.043989205862 1.0874980894964883
3413.264553270067 1.0208789814629788
4263.297275892566 0.9773981529486978
3767.453783463484 1.0730910368479452
3789.8955690345992 1.0693744124931743
4837.23004672282 0.2863792967759361
3417.0124615676054 1.0753351437632834
3617.2599276344677 0.8894115756746643
3461.2481258208213 1.088791528228774
4183.348764787903 0.9922630360602073
4662.190472727916 0.8842351879557061
4935.1320559625165 0.20761579903184374
3642.2614226665364 1.0856942528068507
3535.1599031663177 1.090949868508541
3490.574660413305 0.9664162294549048
4935.463766727349 0.8170289233500019
4256.113665335819 0.9733376475986265
4906.304839020128 0.24151265811616987
3580.9189301260453 1.0855067937057576
3735.384186071338 1.0699028802266892
3430.6227490940414 1.0362715328901524
4344.849567471443 0.9527188017281767
3438.239096551019 1.0582274338550703
3465.6707696161875 1.0728642923392893
4200.83909917762 0.9828831295789034
4557.2719351666665 0.46444104675443515
4424.53687378353 0.5301649729021177
4858.305310484245 0.8304991547236761
4164.711970468362 0.9889283519823034
3577.336076239435 1.0765686970783106
3924.2929578848034 0.7556406286659774
3618.457019804554 0.9023520585900766
4163.319119452948 0.9869459150410185
4895.422227242523 0.8190585979935896
3613.5969239911287 1.0738645189694873
4978.242127692179 0.1894623063550873
4218.542802758544 0.9747891486021736
4005.4154281995166 1.0179240288864286
3499.40784131541 1.0675699249944943
4681.088937427569 0.40408821313966015
4513.953930512003 0.49167036488782295
3515.7655737195237 0.9697021093068167
4522.117471129323 0.9060674343649416
3741.77298581233 1.0578545793454754
3761.117688427924 0.8352417554019531
4227.9756075726555 0.968269188001396
3629.256605920157 0.9046020970766482
3868.076889841337 1.0371440004640187
4076.745238292381 0.6945374148168277
4688.995725644604 0.8624642959400419
4073.5484555051084 0.696856272130989
4956.33090510259 0.22663941359991682
4625.274802131448 0.4419045776776237
3631.759602145144 1.0628600242239266
4526.27246308923 0.8989060736393223
4449.645209175986 0.9159610268592159
3548.9642919676967 1.0526151588102093
3515.8366815873633 0.9969381702357104
3515.217702621391 0.99862071452855
3677.599353497442 1.0546370296799803
3621.7583157085132 0.9172127492712783
3991.0676368068116 0.7374707586842739
3697.591569515372 1.0514710082860643
3601.408108854144 1.0540601412005106
3712.467214661267 1.0496647149705522
3525.7740576922306 1.0364493854080863
4588.108286797877 0.880645619393079
3837.953913849687 1.0326942622203563
4191.457108837011 0.9678677230633559
3523.0462676111006 1.0127218176912307
3978.276602525398 1.0092453404481845
4398.959621811918 0.5602128157505412
4970.981105049036 0.231488007595601
3938.1579039997673 1.015393327842921
3853.3904513796847 1.0289214100709647
3737.1944581095986 0.860092550990826
4726.27044026214 0.39791322904898885
4042.765539212412 0.7187967461308626
4659.307359014711 0.43472546787027705
3823.393604655016 1.0325806938164532
4987.824160720265 0.7814377316226174
3540.2188753642436 0.9929110759463977
3752.728144684427 0.8533299391839432
4368.5678426279865 0.9260051056712733
4288.583647989752 0.6134637065051384
3861.829305353763 0.8038510155768958
4329.727676100773 0.9335473626981352
3761.072214050055 1.0359803744170142
4571.869650768339 0.878748029452542
4515.466501223707 0.8917483690592016
4971.574080650783 0.2403812099411584
3592.579555014694 0.9529094657247567
4820.254172713235 0.8189018723643914
4089.5010166078114 0.9823688097735499
4730.478779935325 0.8403357681534711
3922.593646109539 0.777349488184222
4885.298744741336 0.8023650851257553
4399.068679932533 0.9165374635328961
3990.298020732484 0.7479764952431528
4943.953345105306 0.2674263748762758
4776.614921091561 0.3783200079197609
3564.6708163165627 1.0031466911557465
4248.172841408505 0.6363353744809876
4926.878340694101 0.283606799937923
3883.1374894994437 1.014703578070006
4427.288577557995 0.9076020135911189
3985.3968353904834 0.7527764837444979
4092.2138855351845 0.7065520548040451
3579.264845331704 0.9928143696154068
3954.904684823691 1.0016242283792214
4152.423283501097 0.6806613625156929
4121.231295820739 0.6944614650159203
3756.3899497410225 0.8637229659627632
4497.644514356734 0.5264168416694137
3714.190246285513 1.0295926349772828
3682.8908541214582 1.0299827154933918
3763.819057886088 1.0247239246065227
4710.173146721181 0.8378636819458497
3768.3374118392553 1.0224343214070637
3603.6596903657974 1.0063964435647135
4426.623056124585 0.9022483257568008
4311.8840588574285 0.6148311624701861
3776.5779826219896 1.0191953616578995
4405.049164935908 0.9063282497095714
4324.960470769253 0.9235519773149832
4123.463346407114 0.964525297046729
3614.4631659772476 0.995051973292117
4558.094517466791 0.5049844276324402
4987.747399450577 0.2541551902454987
4348.901069488677 0.9165812329104137
3636.9275139570555 0.956331845889678
3702.045946303364 1.016856010223876
4387.992785690794 0.5846742929933533
3713.619336593719 1.0162012333298887
3911.6437101784163 0.998347920052128
3888.701291444094 1.0005481723344718
3643.479921017889 0.9994794213758107
3633.6194895685503 0.9829474305634968
3662.2482551270678 1.0065185726383143
4300.195831769453 0.6266470882833909
4130.2633855788545 0.9581348552188748
3809.6532226468626 1.0070103471296759
4576.84103129552 0.8612897537316103
3657.682207116422 0.9511272104359854
4166.106006885066 0.6871788714939226
3697.9910107457204 1.0059679582156968
4164.121691123148 0.6885820621907792
4992.713272994504 0.2626668350072537
4151.60134028396 0.951370130637255
4633.946374570849 0.4762421305956302
4392.331842043055 0.9007739807442157
3705.345557848445 1.0006396932526924
4171.846895272053 0.6876657294552447
3759.6234889289162 0.8855884616834225
3687.992680236023 0.9953867576827801
4476.422170850824 0.8802997748944628
3935.9516509893356 0.7954244291177074
4705.829068635835 0.8259263416922888
3826.6945328477204 0.8514124837400793
3792.099396698509 0.9968094318611861
4141.942714747998 0.7044673999945247
3712.318680627291 0.9870037629263416
4971.729187767094 0.7561178371653006
4717.13132099606 0.8188607175972799
4381.082476441361 0.8956441280059607
3895.7756116261176 0.9816806712174043
4803.780633024618 0.7960722485707836
4018.686521937482 0.7653258586686592
4196.513394893189 0.9320197987544709
4775.339888719533 0.41670136825442655
4278.335876746326 0.9150320400887494
4642.274034046719 0.834018800813639
4831.346429936073 0.7882744648908371
4356.89680291823 0.8981968405118892
3835.5546459405523 0.9838633886983914
4238.254749320016 0.6693806224632515
4309.969551282615 0.6379159438988187
4083.4401366425022 0.9504180603043676
4253.498253476141 0.9181833521755397
4837.832620111445 0.7846550010559148
3858.4224388509506 0.978983981862451
4906.38702334243 0.7670880388409332
3988.744583877857 0.9643537924627387
4864.662694968337 0.7763969230914095
3743.7128201454216 0.9611979942938017
4940.910719334408 0.3301746820675952
4507.2010026082 0.8587078450286955
4820.199691876224 0.4019308523121942
4012.286074754662 0.7786347425286901
4626.5383459442755 0.8301266972250999
4386.879799223699 0.8837417095200983
3925.213259956172 0.9624264249460039
3852.9999511543097 0.9650348161142487
4891.766498421673 0.36862609276562586
4997.040295432696 0.7350626376078669
3977.3073182339563 0.8009729996629404
3847.284121691516 0.8728504210374338
4429.612027482711 0.5966221493184124
3846.3040356753395 0.9599929355311505
4990.736292559561 0.73539633261392
3950.3384752263737 0.9542818081432243
4082.4141606121425 0.7544024728724466
3855.096058311657 0.8758385016356216
3879.811769820589 0.9537929493631427
3812.343834944573 0.9158200699134948
3845.9323684219817 0.8848392342546525
3949.6171766142625 0.9495976286993895
3904.674054704214 0.9517992201818108
4134.644685422664 0.9233145735604512
4650.612248635122 0.8142764326603819
4654.050513702853 0.5011184594688995
3877.5510293594934 0.8690803690051078
4802.3083318982435 0.4283534927779203
4388.031542402847 0.8722634263040295
4381.074281329356 0.6264711479334096
4307.876608162344 0.6593549156620065
4275.983566440096 0.8937736820787847
4885.1489011343665 0.7548626251418633
4621.654873219129 0.818624889375925
3964.316024173814 0.8227473418877228
3873.485580504496 0.8802469137892908
4364.871284495773 0.6360222809099929
4007.0637755488187 0.9345042014998399
4460.056944281732 0.8534071855569669
4614.149976583756 0.8172739634181169
4016.2403339390657 0.7996169144366608
4053.3800527517337 0.9262784257435266
3916.0621695062937 0.9341973214475705
4297.630929249514 0.6709502847689024
4042.875968251674 0.7894462357521754
3886.8718863954855 0.9211394867855742
4353.273220314822 0.6471542789200004
4747.96870130219 0.7825071241199095
3900.121055232074 0.8828631840014337
3995.601820375072 0.9245080380212369
3923.3847116684346 0.8676614364097328
4299.776122865877 0.6744624805960785
4710.814014576982 0.7884340241385621
4020.7399843563553 0.8086833663824983
3934.4747355442914 0.9159725752698481
4330.115671617269 0.663410266603808
4183.900900787243 0.8969346547752942
3942.3070289949483 0.862233974261305
4725.421528944431 0.781365081872111
4130.612811965065 0.9026051076702644
4947.041400948267 0.37044363280380693
4250.052060076203 0.8826521132232167
3997.48235446707 0.9127635373808228
4959.0245557524695 0.3657853627732912
4273.941648176105 0.8763667407570548
4367.360112214544 0.6520798953450243
4506.400921864191 0.8283916884117447
4793.269344651999 0.45930819392904965
4071.1134368960793 0.7966923995094092
4793.419456525236 0.4600203251070769
4709.851897777302 0.7784529860160051
4234.788352829939 0.7172268179653213
4014.2172453651365 0.8966929884063992
4421.963700524357 0.6332239845415792
4500.140212838247 0.5985107408420167
4215.1191473891295 0.8785181489389106
4760.458388142467 0.47959835458146
4602.024403919392 0.800319068412421
4365.076651904899 0.8499846872910586
4483.684002458147 0.8255105973088405
4899.222042060858 0.41219315180217875
4457.483255551721 0.8289087635764052
4563.123438207351 0.8061326990156826
4640.63453902841 0.5408952011723508
4067.8348856742546 0.8136311406916082
4706.101870037256 0.5108821385748903
4711.848217139572 0.7713106683007215
4555.326038108386 0.5803163115720521
4510.050255069484 0.8168844852811501
4045.559676975327 0.8807176522767427
4043.531912862107 0.8342963038436237
4034.2773616041136 0.8574005134513908
4367.246704768164 0.8432097329476301
4705.6332427764055 0.7693878886350528
4547.1848948458855 0.5880577188114532
4448.559804441471 0.8252518115641709
4813.955126121761 0.7414287572053534
4110.097876389766 0.8710574904843239
4142.714704935918 0.8696858213149589
4731.032207901488 0.5075864719204355
4832.433272196797 0.4600546763906107
4148.024205214862 0.8631904812722859
4829.540492859888 0.7334712007905029
4810.382273384713 0.7381061029793002
4155.972092555587 0.7820341459876607
4088.4790691570756 0.8486990504442452
4435.115303546169 0.8210877729803897
4508.478227576051 0.613807066898752
4548.922067544929 0.5975001419345722
4223.702406457935 0.8516104087826422
4529.583289325952 0.6077033613398575
4156.990741641393 0.7942107937023396
4528.399771878445 0.6097876625532404
4139.435734839109 0.8215479213312045
4270.916388457607 0.7356307546335247
4172.546487827714 0.8253278484275209
4687.275877064373 0.5448798868426082
4293.921398085943 0.7297287531433291
4298.988639760055 0.7272488585484288
4179.966203240533 0.8207569032987393
4552.120039700967 0.6080741715586542
4930.97153671904 0.42983752281113363
4218.537182189309 0.780677131492186
4961.198272928207 0.4157973841742377
4688.759974104896 0.7517060395536622
4810.223681060593 0.7225954235860826
4229.464851688187 0.8225870710186132
4778.0228891648085 0.5079924148025232
4219.205728100115 0.7864604857468989
4316.30571810997 0.8191672698421825
4310.925758747249 0.8172592789447599
4232.070911149806 0.8125467447873255
4659.742696278092 0.7532013144299534
4275.118189419898 0.7567332981724634
4259.482483727357 0.7682400533623323
4353.112897826761 0.7128605514160059
4621.209087739401 0.585983606584786
4243.987374889638 0.8034531092864372
4543.51960001392 0.775359536401062
4259.085266505288 0.8027250839034399
4952.702376873777 0.6784506348583227
4604.532631587659 0.7604425526298508
4290.052734963465 0.7615363427595191
4669.457499265624 0.7454951485173712
4942.062372425209 0.4395403720865414
4810.611079968595 0.7103833581713823
4398.289315542481 0.7022436579616269
4646.909191997196 0.7471403186383871
4318.286419596452 0.7923814458238921
4814.506343614395 0.5058215118387874
4509.517324591632 0.6480605899239046
4941.947665945022 0.6760437668018797
4362.053216412725 0.7913167557351544
4305.603047248375 0.7726813078460539
4309.332509036824 0.7738058639658715
4335.9984854612785 0.7458226302077323
4869.9588541393 0.692752501432671
4464.102755861616 0.6758803753199408
4371.562457775692 0.7280476962978778
4473.196892653223 0.7719676239186857
4461.836764005733 0.7734756827586832
4704.849422661755 0.5639000551018089
4549.52191437844 0.6367222733617843
4983.22048107515 0.430019627179689
4474.669623570065 0.6766490379756053
4473.782680409593 0.7679074293724684
4500.274971861846 0.762679550411475
4551.748821865149 0.7518982284212808
4721.207577825641 0.7176841144175135
4474.711429473448 0.7604573729119899
4399.303191552566 0.7555359541291223
4916.61251458725 0.6688869014543792
4799.951216237877 0.5297165857280507
4443.373212703602 0.7562463883711005
4912.673718979261 0.66922554115144
4707.420530918257 0.7167223601315954
4422.720215407247 0.748125296250311
4930.658442559993 0.4686071492465267
4472.003607988544 0.6946191909722093
4507.786204857195 0.6778766442024631
4862.673177907154 0.6781182657934168
4671.644920694538 0.7196939476919136
4721.79458652959 0.5727655582367513
4577.622089901937 0.6429848707236658
4471.802756011348 0.7046468419197918
4525.594574512369 0.7414135801037138
4514.469327855914 0.7403420018210752
4702.5963023681625 0.5844795436754778
4511.415220366179 0.733096149627311
4910.021580048299 0.6597970478439487
4830.546500354921 0.5293901089604665
4557.008776525882 0.7261435238199648
4806.210864022537 0.5410514637915195
4951.237575949297 0.4719742839649941
4591.556183999198 0.71963769950436
4529.044452517069 0.7157149862565247
4666.614606298384 0.6139858019911046
4896.001966710056 0.5025548926434487
4605.220394155437 0.711952595738597
4561.070133961735 0.7113185498635339
4728.7678828429935 0.5857212092463092
4928.864548621107 0.4894550105318559
4997.705890430842 0.4572577007008236
4627.662365451803 0.7029149342979784
4652.181309872215 0.6999224039381909
4589.384237573687 0.7003076510494869
4812.037098138512 0.6702039197586342
4802.193996925938 0.6712137888299654
4957.881241066718 0.635061369710911
4665.926173569743 0.6929847240413802
4873.738326616368 0.6528975237844149
4755.082641326421 0.5841614383476061
4683.899300609214 0.622696907068716
4646.743914081819 0.6470429424817816
4848.771651673837 0.5393016684717296
4664.971522262212 0.6362817408580997
4672.43319340976 0.6803632010194008
4799.587251797379 0.6622456910415824
4670.571645278609 0.6434183318323198
4833.137202242323 0.649488525189964
4865.57379472738 0.6421005981818529
4702.375974296859 0.6572231260211605
4920.999915661386 0.6291533096920895
4821.38403736566 0.5673752209504342
4886.83142281128 0.5348449410309987
4927.777411114375 0.6251902370141768
4729.261639018811 0.6355624415403851
4738.756185046526 0.6285713106421745
4927.25207070365 0.5189230015945063
4773.335479324987 0.6075141850714502
4830.130988069094 0.5775863766347286
4815.915551099376 0.6337638345807654
4837.352219375446 0.5767730076092046
4801.399312245284 0.6264702743559597
4837.207956752546 0.5798506153836085
4821.9804756399835 0.6001800317491003
4929.7347782812285 0.5322869148574008
4958.710826536794 0.60179205605736
4942.670941463412 0.6044326558119434
4849.984848215235 0.5922268099601341
4875.300810882095 0.5713666479367628
4868.849843780547 0.6041773152799801
4979.550332899469 0.5162253436750918
4894.927461392931 0.5960670409046869
4934.345709749539 0.5886707890289037
