eccentricity
0.09626621400878115
0.09682302169851935
0.10398239486880381
0.0971800064260349
0.10349078588780715
0.09754154511142595
0.09768404023537547
0.09786031936804322
0.10307309246048783
0.0979626155513135
0.09800153353069407
0.10287917621252782
0.10283059719681913
0.09812353239067494
0.10278763689035522
0.10273662761200968
0.09823809434827237
0.10271178165960047
0.09826042186603524
0.09827219155891015
0.10267772205885872
0.09830395846548516
0.10258337538733192
0.10256952747047056
0.1025279833488168
0.0984412419918478
0.10249715313201739
0.102485627117852
0.1024798832867067
0.09850817504417343
0.09852246005170186
0.09859235455881243
0.09859757200709059
0.09863377032198889
0.09864719898716556
0.09867825057217106
0.10228404217583549
0.0987197580896604
0.09873900108356855
0.0988302629290182
0.10214013765374723
0.10213341993186711
0.10213266409412228
0.1021232578736839
0.09887777765641595
0.10204124841854308
0.09893698159592455
0.10197100260548951
0.10196466452500726
0.10196392656463431
0.09903778067618733
0.10194108595638164
0.09905806454372616
0.09906519714262191
0.09907469400086066
0.10186020238384651
0.10186147664727971
0.10185470707490152
0.10185451689990367
0.09913970507439501
0.0991689703193835
0.10181131502452584
0.09920038692461558
0.09923982849118261
0.09924384074636435
0.10174158141768075
0.10173052031766151
0.09927679446008329
0.09929363054544905
0.09930615021252455
0.09932170636059336
0.09932641094605181
0.10160423014761381
0.09940145009766405
0.10158348168596888
0.10158350531309149
0.09941104476995705
0.10157692009270106
0.09941750698605298
0.09943309042934767
0.10154619658418672
0.09944376483064614
0.09945047618645048
0.1015418272781036
0.09946885532951578
0.09948302848029253
0.10149865132108658
0.09949272398878374
0.09950328416012509
0.101470266497353
0.09953684242046222
0.09954518694367016
0.10144314726433046
0.10142546798655473
0.10140494391051935
0.10139300681121999
0.0996176738139925
0.10137108798746419
0.09964298885690427
0.10134619279005799
0.10134894332489851
0.10134779163087036
0.10134872968505412
0.09966677661510474
0.09966999735199736
0.09967896320073993
0.09968252112866754
0.10130094291705483
0.10129442199578904
0.09970453644780244
0.101283317834495
0.1012856602579816
0.09972848638481274
0.09974045201589393
0.09976276909532919
0.10124139879725963
0.10123601269519916
0.10121562635551368
0.09981048086322603
0.10118651217625052
0.09982593901542673
0.101166539983516
0.09984031593328892
0.09986049130454827
0.10110447020078947
0.09989496795163547
0.09989841165806035
0.10110478037263487
0.1011038496676238
0.09991222509768463
0.0999164440355177
0.0999188791149315
0.09992678562825265
0.09995276437066396
0.09995633086727125
0.10103101100826468
0.10100990496584683
0.09999667903888765
0.10101043209843855
0.10000642761547525
0.10099299499424469
0.1009854646183277
0.10003681178870925
0.10095034839283587
0.10005735793726751
0.10006053692035191
0.1000987569973327
0.10009399124288403
0.1001015251464673
0.10010100247098212
0.10090451662153688
0.10089971369517843
0.1008988330710801
0.10089990443892206
0.10013071462253521
0.10011697383173834
0.10011611982509026
0.10014318698394607
0.10014319601312123
0.1001455014818663
0.10014776595530782
0.10085409051877353
0.10019081889168137
0.10084795687973967
0.10082126513783331
0.100787694992777
0.10078111785352524
0.10024800661917521
0.10024979406301238
0.10070949864599388
0.10068542713795048
0.10068574504535141
0.10068118096600026
0.10031121833003924
0.10070583669915138
0.10067704842829905
0.10071258491068825
0.10033596072002823
0.10064045738828446
0.10063310412536365
0.10032726759310506
0.10034459931334594
0.10034036141160531
0.10063195207336036
0.10038965537288796
0.10038143733628926
0.10042597509584546
0.1005566959993489
0.1005623230662656
0.10055656264396749
0.10050907854080311
0.1005356930450978
0.10048269219800203
0.10050108704667413
0.10054481640402585
