A f0
8.898712557653094e-23 99.98872379186287
9.933911469055752e-23 100.10082328236734
9.107220976963085e-23 100.02363992361303
9.607861071419783e-23 100.07570899788064
9.188786829776527e-23 99.9752375320393
9.908602403441734e-23 99.90981319504398
9.39628873148312e-23 100.05235919724576
9.239953291083998e-23 99.97036035624498
9.757892099944436e-23 99.920901713848
9.17917977894939e-23 100.00298546268235
9.274438326065745e-23 99.96929193985561
9.527677180781858e-23 99.9397751888859
9.312556620527977e-23 100.03562894139554
9.595917797248925e-23 99.93483569604076
9.457992258644556e-23 99.94825042017268
9.255526589709932e-23 100.01689898757841
9.565828198266761e-23 100.0600441600906
9.335062264661542e-23 99.9681295310617
9.367359748382943e-23 99.96363795948389
9.935370741330957e-23 99.91495708334232
9.680707333476366e-23 100.06732958405863
9.86248363345928e-23 100.078852503071
9.330955694413293e-23 99.9753864178423
9.629666022023643e-23 100.0613463426407
9.314223631092819e-23 100.01693382243253
9.892566974422968e-23 99.92012378339837
9.425026426888932e-23 99.96186671937717
9.441793417301597e-23 100.04024062141328
9.583565183273251e-23 99.94451639570421
9.33914603669305e-23 99.97879237927368
9.310892418395997e-23 100.00954768275933
9.329342749977159e-23 99.9829841635985
9.315624396837967e-23 99.99082893698298
9.30999703588893e-23 99.99675302564819
9.326488665412339e-23 100.01251872376395
9.433079787650738e-23 99.96461942539347
9.47980688380403e-23 99.95824084960475
9.48356388491222e-23 99.9583863214174
9.407051218148612e-23 100.03006937163622
9.331630083293149e-23 99.99186814912304
9.329979095982387e-23 99.99432488079069
9.668047250152765e-23 99.93989277417744
9.335293037175516e-23 100.00716518630468
9.572299728381647e-23 100.0505575408695
9.368556021727463e-23 99.98131865504479
9.506919452129028e-23 99.95755894201703
9.477664322013113e-23 99.96148282747308
9.79809822694378e-23 100.06955166475782
9.502575960107965e-23 99.95840864117145
9.929997851577285e-23 99.92155142659692
9.378888588716941e-23 100.01864354639429
9.349584371044856e-23 100.00146898661774
9.350347173335565e-23 100.00233141742797
9.492343699544725e-23 100.03841371361399
9.764356543231261e-23 99.93442036299966
9.846092371031003e-23 99.9283325121855
9.893758649814833e-23 100.07474294384447
9.720330660701207e-23 99.93847376334232
9.441578098001069e-23 100.02900750545477
9.472541166572842e-23 99.96591687919569
9.417404561583585e-23 100.02365891048278
9.578848595201351e-23 99.95234061698413
9.40313450040894e-23 100.01969247713188
9.620168577106991e-23 99.94810049395326
9.397908332983167e-23 100.0174808110605
9.525952703806993e-23 100.0408818364328
9.488857170893211e-23 99.96434495293347
9.68774789038069e-23 100.05798059437025
9.556303953871932e-23 100.04439323907141
9.482485495540631e-23 100.03422273450339
9.464235921027012e-23 99.96904868927017
9.438542997198028e-23 100.02572128250247
9.650743467198671e-23 99.94614942517465
9.406211764273068e-23 100.01697007891435
9.388472149489234e-23 99.9910009363876
9.816228434849383e-23 99.93236483968623
9.699675477720892e-23 100.05802842206572
9.3911567375886e-23 99.99215226683225
9.948487007339983e-23 99.92326152883712
9.815403258136967e-23 100.06713055890067
9.410109528882959e-23 100.01535669732122
9.555252080370563e-23 100.04222654780881
9.922931559667372e-23 99.92545162022861
9.39662318486595e-23 100.00596204883935
9.922560010202982e-23 99.9255855690397
9.851864852498001e-23 99.93066811257418
9.964858345065486e-23 100.07724358624863
9.680562150788863e-23 100.05507590297148
9.405062602815031e-23 99.98962471828418
9.629839265732814e-23 100.0499254101783
9.560640698792629e-23 99.95830134290037
9.42602576705861e-23 100.01734235259282
9.768099696080429e-23 99.93769088797046
9.480723441706253e-23 100.0292939951472
9.959021306895398e-23 99.92392204708253
9.447667432781303e-23 100.02043594038183
9.592294166124528e-23 99.95585767091012
9.411191111519134e-23 99.9957924185692
9.417232970910516e-23 100.00891119790415
9.678122635092103e-23 99.94677684255235
9.479729922780859e-23 100.02709545785484
9.583931391634113e-23 100.04273433522539
9.482304248893244e-23 99.97324826789338
9.751124052872401e-23 99.9404843658081
9.594912332007207e-23 100.0437150207335
9.459794676092528e-23 99.97831664260583
9.425860790096328e-23 100.01027229674237
9.417279518320211e-23 100.00123536092502
9.47542053420402e-23 99.97522723514665
9.443507161713712e-23 99.98367400469283
9.423417668185051e-23 99.99305319794372
9.7458842520383e-23 99.9414903812548
9.942988571565245e-23 99.92620077427516
9.642418250052629e-23 99.95163880649034
9.42964687782893e-23 100.00900740091414
9.458566221891001e-23 99.98025513656889
9.465752778379514e-23 99.97865947967551
9.829267792947818e-23 99.9347689501493
9.431569826116513e-23 100.0085950438006
9.42775237548528e-23 100.00490482695496
9.504625175060972e-23 100.0287084937547
9.559760300921187e-23 99.9626537232424
9.429939303171266e-23 100.00238072063668
9.562941606653593e-23 100.0376407513611
9.990073161064911e-23 99.92364090199419
9.997967351555764e-23 99.92316789537178
9.579311139647759e-23 99.96061505527649
9.618945584595165e-23 99.95571463317111
9.619866327536108e-23 99.95562960176619
9.724060869470246e-23 100.05528650354688
9.450504625573371e-23 100.01277971298173
9.912944886405365e-23 99.92934937766888
9.98812983240958e-23 100.07586866011854
9.459802454668915e-23 99.9841291465448
9.436495875883176e-23 100.00139406973875
9.66930860028918e-23 100.04963941237932
9.624197198978917e-23 99.95549568528453
9.522241948569908e-23 99.97009702365818
9.496737904021491e-23 100.02489621753787
9.443094329026043e-23 99.99325683080849
9.55433680118246e-23 100.03498755296823
9.458055895745642e-23 99.98641855113038
9.615190160392625e-23 100.04295084551462
9.633448006416577e-23 100.04499599935967
9.510483608171785e-23 100.02689132361951
9.846174666993734e-23 99.93501107949325
9.443477386008427e-23 100.00018153919103
9.908275294494487e-23 100.06970008430008
9.890431042480134e-23 100.06821742493787
9.480903711301979e-23 100.01928883627673
9.44739182476808e-23 99.99894523700004
9.551558310153433e-23 99.96694047513857
9.819926797336934e-23 100.06241650254645
9.677598442458666e-23 99.9508697094716
9.562171268394533e-23 99.96542680461124
9.88849668146183e-23 99.9322727418587
9.752996748559441e-23 99.94351612886564
9.452576583016936e-23 100.00454507588229
9.51182312845879e-23 100.02410226412044
9.686994909627996e-23 100.049161824956
9.755888910305761e-23 100.05594673953655
9.59785479939717e-23 100.03836473161934
9.522277769411551e-23 100.02588623909878
9.90927844309185e-23 100.06848414729821
9.906104814030373e-23 99.93189491703252
9.468796877794941e-23 100.0081735673454
9.885686712522168e-23 100.06651847713897
9.695224513373522e-23 100.04924219088218
9.904618924934822e-23 99.93233248883152
9.497781202008364e-23 100.0179780030837
9.821760936906033e-23 99.93907213877029
9.920803414986309e-23 99.93136329887818
9.647103121950229e-23 100.04341456585101
9.838949134528113e-23 100.0622659775289
9.786593528888112e-23 100.05775128684903
9.4794649426842e-23 100.00981203633704
9.564936549340111e-23 100.03160921877313
9.485871607145931e-23 100.01198430519541
9.863609905677357e-23 99.93604268969746
9.559087111925193e-23 100.03032131074272
9.493015195875774e-23 100.0143727381474
9.476657254845861e-23 99.99447712830816
9.525607952270616e-23 99.97671776587298
9.535020099056199e-23 100.02537003382716
9.916383933611448e-23 99.93224251005819
9.783368483142726e-23 99.94320679200717
9.892453130040764e-23 100.06597224942745
9.536376692432433e-23 99.97472090038936
9.53024722950149e-23 99.97624572750517
9.560852831668478e-23 99.9702509257701
9.885827763119167e-23 99.93473484322661
9.882550515474363e-23 100.0650413372549
9.828747783162205e-23 100.0605771542132
9.927673061120945e-23 100.06833780836355
9.95620120706945e-23 99.92962858815673
9.481582579840069e-23 99.99685619313307
9.600023239139949e-23 100.03556823099319
9.82394580517982e-23 99.94016361694997
9.806571801306466e-23 100.05824936838206
9.557733292199583e-23 99.97210415726956
9.662195349503469e-23 99.95668257918294
9.919718720376042e-23 100.06738928739065
9.81966259929503e-23 100.05928783846586
9.613940274997101e-23 99.96306328709295
9.495256910292659e-23 100.01038893958415
9.577128319889463e-23 100.03116689663966
9.487206732208499e-23 99.99646653196245
9.548335569474729e-23 100.02574134725516
9.494261600257458e-23 99.99070432090757
9.508976165643994e-23 100.01533549503117
9.730809616213505e-23 100.05069338016457
9.89950608812605e-23 99.93441768143688
9.494432999338752e-23 99.9915495044382
9.501236542607669e-23 99.98818263736894
9.491970381231945e-23 99.99389115818055
9.728014901657185e-23 99.94986916715365
9.851011319555052e-23 99.93851058203109
9.5201182542685e-23 100.01779194270037
9.49117274778853e-23 99.99828127867596
9.639902279854321e-23 100.0396945384499
9.635441869337075e-23 99.96099539910827
9.927514055909925e-23 100.06725470124191
9.977355384580413e-23 99.92916153569367
9.701167353773856e-23 100.04671187305482
9.631464747672304e-23 100.03798412146435
9.797461988137311e-23 99.94386675221361
9.955089275035481e-23 99.93099247582686
9.560273521752269e-23 99.97418355012124
9.685697346244996e-23 99.95546562406217
9.979411807445154e-23 99.92928856839225
9.498990493460363e-23 100.0028591633111
9.773258391363989e-23 99.9462895730212
9.499201047987003e-23 99.99752974990884
9.514141469328047e-23 99.98738147122421
9.504543639836176e-23 100.00740275403281
9.507840094261554e-23 99.99225441745763
9.775009632450744e-23 100.05343622146272
9.507282617938047e-23 100.00634744316665
9.604749668492622e-23 100.03275888571113
9.513644540514062e-23 100.01033109198238
9.736746768522781e-23 99.95062840833171
9.626077165118268e-23 100.03583770661092
9.590996543678972e-23 100.03022591075117
9.701949397889048e-23 99.95446491643672
9.599756720308519e-23 100.03142696704778
9.522954274746292e-23 99.98685542550865
9.540294436673564e-23 99.9815132799985
9.515742271336135e-23 99.99105514635515
9.921904777290726e-23 100.0656461444168
9.943183521900489e-23 99.93280478174098
9.509018953910338e-23 100.00014687096123
9.512385659374232e-23 99.9944997942525
9.527938865410973e-23 100.01392353304308
9.707786587767596e-23 99.95446871517012
9.62628993560832e-23 99.9650885963027
9.947161259525307e-23 100.06723380439685
9.514037564138445e-23 99.99645723517753
9.625575709235889e-23 99.96550071346793
9.804084241949253e-23 99.94489635164227
9.718922411236573e-23 99.9536575722776
9.783189356694537e-23 99.9469752645209
9.547186421664641e-23 100.01852850008392
9.518045927453867e-23 99.99440404016251
9.926243545856298e-23 99.93461995813522
9.919001598411359e-23 100.06485634329383
9.687114319807763e-23 99.95748356863274
9.521500000900504e-23 99.99212457901972
9.72168097888844e-23 99.95347868229712
9.777691018681003e-23 100.05242932195502
9.667357505926114e-23 100.03994467021461
9.674602029018726e-23 100.04072092755321
9.639437330199996e-23 99.96413784742418
9.640763401227766e-23 99.96402986845831
9.737251103074395e-23 99.95203597258315
9.540150353460796e-23 99.98479674952137
9.530860144475853e-23 99.98879081794587
9.592331057144499e-23 100.02787977364002
9.976028678637055e-23 100.06885436244065
9.595866744469291e-23 100.02840560291152
9.850930936517824e-23 99.94123005824646
9.83982162961476e-23 100.05783543894854
9.863725750175995e-23 100.05989110848739
9.590682581392372e-23 99.97288371440857
9.751621230637742e-23 100.04916286248051
9.524114669235512e-23 99.9953554308643
9.547221978973759e-23 99.98371442756701
9.537396286777025e-23 100.01260415495838
9.559035669388478e-23 99.9804205975766
9.833263598368753e-23 99.94307132218137
9.617547547909604e-23 100.03159860330307
9.64440455678493e-23 99.96432600470438
9.543839670323022e-23 100.01446989582863
9.85581685887683e-23 99.9412308261449
9.808211835614131e-23 100.0544655897839
9.878363350756111e-23 99.93934569074116
9.576633505199329e-23 100.02332308959741
9.85476346819809e-23 100.05865265275723
9.673067517788092e-23 100.03938481620737
9.777916548776092e-23 99.94870806282418
9.61591464206437e-23 100.03060528980649
9.52774908493825e-23 99.99999063883709
9.910699758791126e-23 99.93691109607771
9.853086637885053e-23 100.05815606909482
9.589265043927241e-23 99.97501957630716
9.963147335603817e-23 99.93299727786703
9.854015984065409e-23 100.0579714764063
9.800169266626036e-23 99.9471004221424
9.826682846289212e-23 100.05543808806175
9.540476357078323e-23 99.99108348236484
9.545910451721503e-23 99.98830915684627
9.915516584315537e-23 100.06308996772378
9.553996011403999e-23 100.01453963445269
9.730387576274731e-23 100.04539538448657
9.892840839558858e-23 99.93892583289187
9.715891294856485e-23 100.04359106521862
9.563308475860344e-23 100.01716014951865
9.540759000399953e-23 99.99279583525322
9.536270330266622e-23 100.00143911935879
9.993571934879548e-23 99.93119258410884
9.790611727334303e-23 99.94845343346054
9.799203239324312e-23 100.05238051071326
9.905181933307629e-23 100.06189460903883
9.920369603062945e-23 99.93692144375176
9.72271103915292e-23 100.0441359552032
9.56777234647554e-23 99.9821725679271
9.660049182269766e-23 100.03592141580737
9.706850719807592e-23 100.04197505008223
9.544518200965674e-23 99.99282683887695
9.741963280612084e-23 99.95401330150796
9.982958990276664e-23 99.93229561863338
9.54177513335119e-23 100.00152061724854
9.793986514398783e-23 99.94868212530372
9.585929722888044e-23 99.97851644761244
9.549527813447568e-23 100.00822220114878
9.54483094788419e-23 99.99638530735282
9.551154055460467e-23 99.99121239318272
9.924707525179886e-23 99.93711570033972
9.658034230024265e-23 100.03466804343718
9.694562256614382e-23 99.96028075967138
9.721282110505894e-23 100.04312268138844
9.821557411653956e-23 100.05381916856997
9.629590351149574e-23 100.02991737673094
9.691320798879393e-23 99.96102030222357
9.799277082022713e-23 99.94867089293032
9.548259164826625e-23 100.00293548391556
9.605569850154191e-23 99.97549120637505
9.620480651686951e-23 99.97249368423705
9.619624149200336e-23 99.97287638814778
9.57833575493726e-23 100.01739137431458
9.726638761096411e-23 99.95698473294308
9.561809282649934e-23 100.0110930336658
9.788700079396145e-23 99.95010072649725
9.667019840936833e-23 100.0350335000268
9.909339728669889e-23 99.93901116168331
9.58968860983007e-23 99.97996589528776
9.620328615318222e-23 100.02688471175671
9.562411017434448e-23 100.01044949053264
9.751535473470864e-23 99.95430999667455
9.827452544408906e-23 100.0536260452589
9.724792297281847e-23 100.04252948838416
9.583674855757565e-23 99.9820047175743
9.623084823782351e-23 99.97289934866338
9.645971430694317e-23 100.03114604285335
9.732292572830958e-23 100.04323662676147
9.758359540587557e-23 99.95382402911972
9.566150255714599e-23 100.01104133993286
9.563002890820924e-23 99.99084734828745
9.875726711926971e-23 99.94224846426943
9.563074060300912e-23 100.0091688428463
9.61276599494159e-23 100.02463715724555
9.583578346440294e-23 99.98277368356794
9.87901354600562e-23 100.05805874963706
9.9059213185474e-23 100.06035674183727
9.579456706673434e-23 99.98423748532231
9.836780951874725e-23 100.05415853064892
9.55905455659896e-23 100.00579017390206
9.559221677798267e-23 100.00538821373014
9.558737107669199e-23 99.9955812120435
9.564661582909601e-23 100.00900166685076
9.772988971903732e-23 100.04755853743579
9.593058648089967e-23 100.01941403057764
9.697423457827974e-23 100.03832301912911
9.846718090914616e-23 99.9451507205535
9.654480274376481e-23 99.96814569030981
9.719444671381882e-23 100.04117424301184
9.566376388372304e-23 99.99124230488749
9.664976800261386e-23 100.03331964712103
9.639002569785965e-23 99.97115299127842
9.942136785167158e-23 99.93721512000897
9.56614117583307e-23 100.00638051156858
9.80170181595278e-23 99.95005638202025
9.564886106489543e-23 100.00455978507559
9.56335032017863e-23 99.99856590265911
9.563193809681598e-23 100.00045976669641
9.691428540717193e-23 100.03671550223373
9.759548980561539e-23 100.04526188214687
9.569701355202491e-23 100.00768050615791
9.930940530695104e-23 99.93833772592942
9.62889571217855e-23 99.97409514101737
9.752369875825871e-23 99.95576540569172
9.989612497194794e-23 100.06627838867003
9.586110116491541e-23 100.01470893047173
9.919145731214334e-23 100.06060497731917
9.85334402463913e-23 100.054751062869
9.64456075538393e-23 100.02877668621414
9.727794461283916e-23 100.04120359891009
9.647500911391697e-23 99.97076107622593
9.64934460435781e-23 100.02952602537941
9.566801849016829e-23 99.99953159469226
9.958212232661738e-23 99.93635366702135
9.616983989312866e-23 99.97706999768093
9.690321441242306e-23 100.0359997943673
9.680555268755333e-23 99.96550811001214
9.965704244910423e-23 100.0642681286817
9.828793342350124e-23 100.0522285822547
9.683986023251677e-23 100.0348905862643
9.790256194370781e-23 99.95192342255926
9.837793710196524e-23 99.94707689461728
9.969549651224316e-23 99.9356367868107
9.571176359962396e-23 100.00455820000408
9.877833399314418e-23 100.05667374460452
9.953108101399879e-23 99.93698139775972
9.65997584763225e-23 99.96917721667708
9.59323551196066e-23 100.0158153242273
9.636626142141252e-23 100.02648707524065
9.874505435758709e-23 100.05626707879658
9.571903245637657e-23 99.9972853060733
9.790366478620938e-23 100.04775482152068
9.967892172787879e-23 100.06394537596624
9.820357349183703e-23 100.05077980540533
9.636277961109789e-23 99.97430269311542
9.730402216794825e-23 100.04057863236233
9.719024125829452e-23 99.96102034326893
9.57935757566202e-23 100.00747755576822
9.682984031081982e-23 100.03380813211919
9.963046338529844e-23 100.0634660230845
9.984080424797989e-23 100.06511607540641
9.592451888261125e-23 99.98639339144007
9.618824589466379e-23 99.97852382520345
9.946223419412253e-23 99.93801435401218
9.639533677200885e-23 99.97400773625402
9.901452549687652e-23 99.94182767805233
9.586656219663343e-23 99.98933897944582
9.576797856409794e-23 99.99773457168051
9.607023667003091e-23 99.9820600108699
9.9138165942716e-23 100.05919954985018
9.577411725233085e-23 100.00303329431944
9.645550380192223e-23 100.02671853544064
9.669741525056124e-23 100.03104047316563
9.742504659067552e-23 100.04148694647081
9.621813868576299e-23 99.97865431632869
9.771716319889868e-23 99.95508486786568
9.830205753378285e-23 99.94900077482748
9.74860643465746e-23 99.95814015296402
9.824900832842087e-23 100.05045132969883
9.612849030713623e-23 100.01832441989981
9.782079942075592e-23 99.95420316315771
9.623783029830895e-23 99.97891216257457
9.955338403577033e-23 100.06224102851601
9.6021878888803e-23 100.01472445284826
9.74452857616049e-23 99.95887341564327
9.635955941525375e-23 100.02366335283524
9.59008253830723e-23 99.99134036850582
9.591710398998049e-23 100.00946045108861
9.735196900748037e-23 100.03986077236068
9.743645370094152e-23 99.95911227412907
9.586405272868896e-23 100.00530261760437
9.882448264319144e-23 100.05570051783064
9.957554301205891e-23 99.93788049666774
9.777346123968014e-23 100.04488382505366
9.59403600279732e-23 100.00976280164734
9.794488209612727e-23 100.04673381149539
9.589882002605814e-23 99.99414439821696
9.764906844975667e-23 99.95686049911347
9.831101145080795e-23 99.94962589205342
9.734294709884289e-23 100.03923761138638
9.709882145261288e-23 99.96423439748331
9.786564418733268e-23 99.95448995735426
9.976373240633356e-23 99.93667105804248
9.593391590727902e-23 99.99256442648631
9.595263522543236e-23 100.00870022791318
9.788920971075458e-23 100.04572911145375
9.772648294307409e-23 100.04384267478275
9.876584622562895e-23 99.94538272162993
9.615097580185859e-23 100.01631627079159
9.754694923049117e-23 99.95851579731503
9.630892693029959e-23 100.02077917738904
9.945588032966886e-23 99.9393977143608
9.754194975209086e-23 99.95870486574748
9.730541179364951e-23 99.96179760751872
9.821046067913483e-23 99.95106637025955
9.932816218314216e-23 99.94055320655679
9.711880662752021e-23 100.03550524067404
9.625329706623366e-23 100.01868165352671
9.595568667853495e-23 99.9942589437071
9.595575408611153e-23 99.99439362748552
9.687067217767257e-23 100.03149452056861
9.644387833293121e-23 99.97670984563048
9.59375679610137e-23 99.9972094424686
9.73873638401808e-23 99.96098816983042
9.603608825764251e-23 100.01041417632251
9.747229700199395e-23 99.9599123619528
9.65650977886353e-23 99.97428493490958
9.63388676697739e-23 100.02026183389475
9.674865252982065e-23 100.02896440116521
9.746207179564381e-23 99.9602810424031
9.615478777035231e-23 99.98542971253121
9.802145972698215e-23 100.04647202384501
9.669662210151216e-23 99.9721435296495
9.962458416859655e-23 99.93847750949175
9.71559874724033e-23 100.0353931477908
9.615666642273592e-23 99.98570984977677
9.642903548167547e-23 100.02209386147234
9.801136628667706e-23 99.9538558192108
9.597733698908326e-23 99.99691189461609
9.599205961058098e-23 99.99501050615174
9.924831107471893e-23 100.05828641569428
9.666133616229622e-23 100.02689167457706
9.984872768244245e-23 99.9367681838113
9.947447416844844e-23 99.9398602704945
9.840383643600824e-23 99.94977277448103
9.7577295114685e-23 99.95917420394683
9.952132112472154e-23 99.93953899727194
9.942128632512794e-23 100.05965751204862
9.698073221273484e-23 100.03227919075877
9.601268374233125e-23 100.00376175110011
9.84178364912941e-23 99.94990217528961
9.605594273575568e-23 100.0074702421133
9.645960165178865e-23 99.97817982510828
9.931866591363567e-23 100.05860032682924
9.624313529565502e-23 99.9842517773853
9.808985085796932e-23 99.95345800390743
9.658012457847741e-23 99.9756088995161
9.680478967430435e-23 99.97121964746776
9.950935426779535e-23 100.0601554014741
9.652134527519117e-23 99.97711623589831
9.604957588935629e-23 100.00498609609197
9.773507907280993e-23 99.9578146425455
9.695643975735519e-23 100.03121665348198
9.604260115552116e-23 99.99618008549346
9.823799094677138e-23 99.95208233375247
9.722719146743586e-23 100.0354004967313
9.832959693395014e-23 99.95115896146768
9.709836037995443e-23 99.96665252737024
9.652664633866774e-23 99.97733968675264
9.890746392210917e-23 100.05458657026196
9.702930834342789e-23 100.03198908295079
9.637788184638088e-23 100.01844887284324
9.925122342190962e-23 99.94256008936577
9.829912178908431e-23 100.04827194893383
9.670693051863329e-23 100.02595370225659
9.815368736928634e-23 99.95346586502116
9.62596471515886e-23 99.98598971448062
9.626311644091168e-23 99.985884820498
9.608151728806912e-23 100.00286146958761
9.853071579032387e-23 100.05055200284582
9.889093506455897e-23 100.05403297613225
9.63507025273555e-23 99.9831792223832
9.617434545611071e-23 100.00970843368536
9.730992742359072e-23 99.96433707715028
9.925522302921243e-23 100.05724966958562
9.878935547214308e-23 99.94717254056864
9.643941074535223e-23 100.01891431502408
9.861183482826213e-23 100.05100987302157
9.976690821421778e-23 100.06142926044545
9.641013976624003e-23 99.98248356285438
9.669164015969211e-23 99.97563854057682
9.620117955860808e-23 99.99109380903148
9.878882303339697e-23 99.94745916230548
9.868850610109955e-23 100.05161257970393
9.623056776579455e-23 100.01033087985276
9.854133268822031e-23 99.94998587499651
9.673839628217271e-23 100.02526653056401
9.613447610544424e-23 100.00056631361531
9.68559922576761e-23 99.9726305812123
9.915901814587923e-23 99.94412029582189
9.622791901978565e-23 99.99052390153038
9.814794076298619e-23 99.95433784579875
9.61476635536212e-23 100.00229931287603
9.914240715711079e-23 100.05575699911489
9.671722952082846e-23 99.97552224498008
9.796879594567441e-23 100.043600819483
9.723021893163254e-23 99.96648097787636
9.618002569360891e-23 100.0046979225954
9.619882027512475e-23 100.00605493613973
9.657000229205414e-23 99.97948253882076
9.617465320052476e-23 99.99748030659578
9.642499198007927e-23 100.01639378065452
9.801856699372011e-23 100.04388891617909
9.812785998904686e-23 100.04512931904056
9.663929527936409e-23 100.02210369832797
9.805396039643098e-23 100.04421376301258
9.856194186658959e-23 99.95029502091207
9.810565891238518e-23 99.95527626403765
9.676299363100959e-23 100.02461086901747
9.730216098236026e-23 99.96591459862475
9.79826387689885e-23 100.04324946075322
9.619356595716836e-23 100.00178787422331
9.674267307618208e-23 100.0240655599207
9.621002059897734e-23 99.99633474585252
9.67673390717038e-23 100.02446387609476
9.727429880200694e-23 99.96648500385956
9.870264901881017e-23 100.05097923125615
9.996949972941343e-23 100.06232579859542
9.894396810865857e-23 100.05328551017902
9.704582309197609e-23 99.97049370311008
9.701487942774542e-23 100.02898025246688
9.812518015130366e-23 99.95549073279129
9.678235567056108e-23 100.02424213816573
9.86175748256614e-23 99.95017587176989
9.628008083633491e-23 99.99274319388707
9.739276841706245e-23 99.96517998328956
9.660091479445668e-23 99.9803400400031
9.623824554106214e-23 99.99749304204015
9.66317954178574e-23 100.02034765430602
9.957996184666516e-23 99.94129003443649
9.958167700210807e-23 99.94129661736692
9.748799640427142e-23 100.03607620537485
9.624854142393573e-23 99.99834632219674
9.800160652595028e-23 100.04275451605278
9.902008372215658e-23 99.94647346795284
9.62592600956238e-23 99.99708596814678
9.883669286047968e-23 99.94827742281038
9.998054370996242e-23 100.06200683810818
9.685166833361747e-23 99.97504384564905
9.923051482703086e-23 99.944657174664
9.816800580289553e-23 100.04448504299666
9.642588523297179e-23 100.01286037958883
9.84422928575054e-23 99.95253280586067
9.986383351818362e-23 100.06089819060513
9.82947600737484e-23 99.95421188855222
9.629693598302758e-23 99.99554854690246
9.648848358058788e-23 99.98523297497036
9.751928823699007e-23 100.03595548712664
9.781552449961866e-23 99.96007761483392
9.962846089750546e-23 99.94128330799496
9.698022219557784e-23 99.97307059685944
9.968489848554589e-23 99.94080869474787
9.639987746059969e-23 99.98940918134952
9.731118236096548e-23 100.03258032230433
9.905794303201308e-23 99.94657164553443
9.892973440253391e-23 99.94781878458359
9.633074984430699e-23 99.99435599110797
9.807519884267259e-23 99.9570843876199
9.744319313611175e-23 100.0344956917171
9.950568611419022e-23 99.94257159221559
9.984273242810362e-23 99.93972484378598
9.789667521637932e-23 99.95944820305843
9.638872799517259e-23 99.99124396307636
9.881958611158757e-23 99.94911274158893
9.973566520896046e-23 99.940723820955
9.834452536228771e-23 100.04577597811826
9.882150841597169e-23 100.05082708973298
9.641561070599134e-23 99.99103469675785
9.931810690338509e-23 99.94454041253971
9.98727795435375e-23 100.0603729696126
9.966621681499262e-23 99.94151657472472
9.697779270413933e-23 100.02562494191015
9.796491540410135e-23 99.95908850102698
9.880992668256966e-23 99.94960664343122
9.975120898782463e-23 100.05916269865482
9.691195655289083e-23 100.02402150693283
9.990951160267159e-23 100.06048830566102
9.912452230463223e-23 100.05342792726937
9.645028457691546e-23 100.0091075870698
9.664961517199701e-23 100.01671071845219
9.885954017170814e-23 99.94943103262176
9.860980314068075e-23 100.04798820112259
9.767189597230822e-23 100.03654608844386
9.641030235755133e-23 100.00391618185135
9.915895683171752e-23 100.05346737356223
9.644758141220448e-23 100.00708346705886
9.692274991188954e-23 100.02322016825605
9.689295812781486e-23 100.02251383351967
9.789487976898817e-23 99.96073424056053
9.779085582039876e-23 100.03790295584645
9.893714522735776e-23 100.05113255597463
9.811752673144038e-23 100.04209233036703
9.843455792332829e-23 99.95430152522009
9.741674981883249e-23 99.96787861998388
9.7557960759706e-23 99.96568005177875
9.702207765455142e-23 99.97514106945081
9.673488263796137e-23 100.01771451467954
9.88398915549085e-23 99.95016101671258
9.949815356755265e-23 99.94383759619193
9.715167475840762e-23 100.02730602510125
9.682259252630489e-23 99.98002864752556
9.894789758052769e-23 100.05095871762892
9.85373038764774e-23 99.95343660960606
9.662089410191824e-23 100.01362758574655
9.735798915775935e-23 99.96922063442136
9.689465683727397e-23 99.97842225216064
9.920894698822949e-23 100.05342783489988
9.645140546814177e-23 99.99928760178544
9.845446728183286e-23 100.0455811890314
9.855150012396743e-23 100.04665142625504
9.655344189972659e-23 100.00999696763722
9.649603572076054e-23 99.99389154801597
9.956532678653771e-23 99.94346096848932
9.762535690408913e-23 100.0348176926798
9.66699054005471e-23 99.98539433411482
9.676117231895912e-23 100.01755041207794
9.729130502759684e-23 99.9707403368743
9.762602899428147e-23 99.96543080879104
9.702350237052765e-23 100.0237760630978
9.971679501375418e-23 99.94234756471188
9.796137951118581e-23 99.96091660427781
9.649420899746123e-23 99.9981458534895
9.656154739470078e-23 100.00863297218021
9.795099348445443e-23 99.96111864166164
9.767402271426704e-23 99.96509788894603
9.89942999773686e-23 99.9492898810794
9.774228918183641e-23 100.03589646028134
9.782566853264691e-23 100.03700470945986
9.74023377866743e-23 99.96956743504838
9.802051689034628e-23 99.96048847253806
9.876556242788596e-23 100.0482931520128
9.760296532124118e-23 100.03366101232582
9.872762260099978e-23 99.95219169306993
9.660802087025164e-23 100.0097553590806
9.67733080336563e-23 100.0163384214024
9.870281596194114e-23 99.95250161337125
9.841643642881406e-23 99.9557130693438
9.833495320218641e-23 100.04337114261153
9.750252348375391e-23 100.03194123775492
9.818918068418039e-23 100.04158629621743
9.952877796232979e-23 99.94440809174989
9.718102060859047e-23 100.0260344757662
9.847093663042244e-23 100.0448300552611
9.672652388422447e-23 100.0141499120854
9.887522827438577e-23 99.95084664728138
9.670256985318414e-23 99.98688649775212
9.656409148344743e-23 100.00481123996985
9.732438953762594e-23 99.9715012743973
9.716178093985736e-23 100.02539369046727
9.997037852643829e-23 99.94072785697755
9.781397022365338e-23 99.96380753116227
9.695156540606618e-23 100.02042874098893
9.922984733723066e-23 100.05249063187209
9.999909399839999e-23 100.05944462437043
9.703610754998309e-23 100.02205734238393
9.871650432466863e-23 99.95291802759687
9.705902097315521e-23 99.97757091582618
9.709218323105377e-23 100.0232276998913
9.664325074635761e-23 99.99194942670064
9.973795309691637e-23 100.0570398196704
9.98656145549872e-23 99.94192433184497
9.808702225078019e-23 99.9605678730491
9.817848818714896e-23 99.95940034395053
9.662094360808863e-23 99.99433170235974
9.776682395126381e-23 100.03500567963704
9.863826877633128e-23 99.95400967410903
9.702925115453597e-23 100.02136166118754
9.720048400934987e-23 99.97488786084166
9.661317155795739e-23 99.99632360586571
9.660408840233908e-23 100.00152890233663
9.780070606286846e-23 99.96473311135466
9.705958821255855e-23 99.97828126413265
9.692941348282925e-23 99.98178016395511
9.661099206547532e-23 100.00000139328017
9.93862600340642e-23 100.05352721781196
9.724958748737223e-23 99.97429385231183
9.667160797556034e-23 99.99240023126505
9.686830755953206e-23 100.01625500493998
9.757636271220405e-23 100.03160093993976
9.765880288045919e-23 100.03292165064008
9.668557541149014e-23 99.99183083663404
9.662336678158179e-23 100.00034317898574
9.885739013467778e-23 100.0480901723318
9.786226785845223e-23 99.96424157023549
9.664726884926896e-23 99.99618759821797
9.778438797830959e-23 99.96545922032043
9.698908212676676e-23 100.01924259514429
9.687785041809116e-23 100.01590409911964
9.92816072263754e-23 99.94782544497464
9.748622508121504e-23 99.97043001634735
9.673907619949735e-23 100.00962313042923
9.874334583442336e-23 100.04650896027695
9.888421683666641e-23 100.04798266253493
9.822155431232379e-23 100.04017378164247
9.749623952505621e-23 100.02928008134427
9.689323226616687e-23 100.0151042806514
9.998169907369541e-23 99.94176478803101
9.780319061253898e-23 99.9658828880187
9.817625990241997e-23 100.03938413281014
9.794259548300996e-23 100.0361828696501
9.805603058387375e-23 100.03776592305557
9.670695768544096e-23 100.00478230155369
9.827745052277885e-23 100.04065809646173
9.707617589857334e-23 99.97990663095044
9.997695082724135e-23 100.0581722103563
9.886813713848178e-23 100.04749006517648
9.785657797402011e-23 100.03484365924261
9.700907212070539e-23 100.01824704848414
9.993143876983061e-23 99.94233138703333
9.794273502319531e-23 99.96401287727544
9.83655946046576e-23 100.0416459411824
9.751236561094723e-23 99.97097481936001
9.843822424342484e-23 100.04245374056906
9.742410774481579e-23 99.97260834021525
9.708461445813704e-23 100.01991559136638
9.930263298184407e-23 99.94830968731596
9.76243713533151e-23 100.03090090777258
9.699309953993568e-23 99.98280040296477
9.67133000696816e-23 99.99856246932012
9.881170450309455e-23 100.04662527252441
9.890603971937522e-23 100.04763487386735
9.68666108892678e-23 99.9874243750853
9.67724462281993e-23 100.00773482905247
9.998488727049797e-23 99.94207628632616
9.813408925342338e-23 100.03837005303491
9.671796148256763e-23 99.99965339504715
9.672311608430694e-23 100.00230358479462
9.988621630696956e-23 99.94296541359383
9.672428743413977e-23 100.00239735764318
9.71381141072972e-23 99.97912884729581
9.722226294901626e-23 99.97719322030896
9.828075832457842e-23 99.95983708564754
9.941652151780685e-23 100.05270605917283
9.867641686829781e-23 100.04494624104164
9.674607210588937e-23 99.9955911599798
9.961073928302725e-23 100.05452309790628
9.705206481978554e-23 100.0183048086159
9.849173732904171e-23 100.0427078838628
9.684158964034525e-23 99.98948826387846
9.755281587136083e-23 99.97091032575993
9.882061955649472e-23 100.04643437159102
9.750038677139635e-23 99.97196177734439
9.706179776394276e-23 99.98182589405404
9.75209170254731e-23 100.02843864522252
9.706009849643894e-23 100.01807075357111
9.903277699463492e-23 99.95146999283715
9.850259969236619e-23 100.04259779021909
9.675591877355382e-23 100.00177057832676
9.777560867212149e-23 99.96747533638099
9.871188249579448e-23 100.04501134621503
9.705385674942603e-23 99.98243811412604
9.676948925780625e-23 100.00357007514134
9.867203135309543e-23 99.95553795346626
9.704351995031338e-23 99.98279907142184
9.749783238957008e-23 100.02773911015102
9.829445509042146e-23 100.03986779712872
9.838334707100532e-23 100.04097717884926
9.711791527439578e-23 100.01911836121258
9.681162559794832e-23 99.99342657475647
9.677101334660327e-23 99.9989449858377
9.738665238938225e-23 100.02536697814651
9.690411247185941e-23 100.01172922512266
9.736498132228492e-23 100.02479161513892
9.958088125994437e-23 99.94632680378417
9.681864308880384e-23 100.00628986576459
9.818356843550543e-23 100.03816772835799
9.703621972016337e-23 100.01630496548285
9.780795525260254e-23 99.96751276134174
9.708421153718118e-23 100.01751361833047
9.686703571770889e-23 100.00890307431416
9.707149117260421e-23 99.983001178844
9.915551253573503e-23 99.95072340277324
9.714684400123243e-23 100.01909011339391
9.801911973393887e-23 100.03558544641714
9.702104751688342e-23 100.01506311596773
9.875549124981835e-23 99.95513189834348
9.8717840731637e-23 99.95561127799915
9.684552844488151e-23 99.99385132825388
9.75927383343532e-23 99.97150858542444
9.856581565468865e-23 100.04261081457057
9.727439784964279e-23 100.02192375781931
9.793951886022345e-23 99.96586796920799
9.713548051463733e-23 100.01828501591567
9.964066633288902e-23 100.05394645738923
9.766716075780227e-23 100.0297514975833
9.698459700142682e-23 99.98692492567676
9.740921652112081e-23 100.02476296131822
9.853182617590486e-23 99.95800207113632
9.691098438459376e-23 99.99055123911907
9.778322247377593e-23 100.03158388930079
9.684492288519848e-23 99.99595603222569
9.689253402796457e-23 99.99210587246083
9.698211015649483e-23 99.98754167663549
9.799608327486127e-23 99.96552898360605
9.7306713880528e-23 100.02187950979811
9.713176911520545e-23 100.0172131110125
9.928007330987156e-23 100.05009649964416
9.695460797684588e-23 99.98959575625408
9.791435769308896e-23 99.96687877512008
9.949218465906107e-23 99.94799262469786
9.773185327253012e-23 99.96995624762535
9.688145000985527e-23 99.9959710422437
9.689589191510897e-23 100.00562958582036
9.793711565885501e-23 99.96682155470612
9.812319493281725e-23 99.96407289134902
9.694776010446775e-23 99.99139920866307
9.740406784940489e-23 100.02336478276423
9.688411272435273e-23 99.99888319504942
9.977767885424886e-23 99.94550913952915
9.786289247722375e-23 100.03187987677263
9.719021680584615e-23 99.98233152797685
9.689656291063837e-23 99.99882934779997
9.808193255912872e-23 100.03508763488948
9.757907828552884e-23 100.02664566435648
9.749440612021535e-23 99.97514420217
9.805402591038461e-23 99.96542651576647
9.701600173168714e-23 99.98900256932355
9.710667341442106e-23 100.01462550554159
9.71475671299245e-23 100.01600217053902
9.700861472432102e-23 100.01048024175135
9.78342875254309e-23 100.0310727538654
9.957182513062558e-23 100.05238740690456
9.75080003802926e-23 100.02487690201767
9.699746350006456e-23 99.99087430863948
9.817703957859254e-23 100.03615288118876
9.712611411225097e-23 99.9853396449703
9.866654994881406e-23 100.04251730492152
9.73489832159575e-23 99.97901890279513
9.833792341081082e-23 99.96179002491205
9.827136808908132e-23 100.03735151695378
9.717168284503129e-23 99.98409495244016
9.740198886805456e-23 100.02224637630468
9.745080402489714e-23 99.97673477453888
9.830286120539073e-23 100.03774532517946
9.781728999863947e-23 99.9697037176817
9.822348100692466e-23 100.03658535249764
9.695630315677792e-23 99.99535313823188
9.714457427385398e-23 100.01475411940555
9.726210730855081e-23 99.98181412914225
9.747332070317395e-23 99.97657023145717
9.980918432160798e-23 99.9457889098084
9.806298107576687e-23 99.96598807657067
9.847002355351031e-23 100.03975729760292
9.971055626014113e-23 99.9467296273739
9.696443782299295e-23 100.00440146139627
9.695038515805814e-23 100.00102992976825
9.715106825414564e-23 99.98559904288602
9.93148170900324e-23 99.95070849788807
9.731464978988198e-23 100.01935589190913
9.73996233493742e-23 100.02151279194419
9.7838808306295e-23 99.9698281246644
9.900031501950091e-23 99.95417511033043
9.903716567092445e-23 100.04629693594893
9.887136686104357e-23 99.95567628162797
9.741932838204206e-23 99.97845409820799
9.930625032238506e-23 100.04907252971282
9.716917123876183e-23 100.01414342227841
9.772981828272016e-23 99.97210422218382
9.697910715631052e-23 100.00015744603343
9.897194421090879e-23 100.04537106130286
9.881416779895214e-23 100.0435406106687
9.831531112465813e-23 100.0371561887773
9.747488710674025e-23 99.97747802778851
9.709306078972161e-23 100.01058511777741
9.77021199785355e-23 100.02729753409429
9.866203801861112e-23 100.04155043497694
9.70174179318767e-23 100.00492130577734
9.710685056275673e-23 100.01071765150404
9.8779591956954e-23 100.04293387489929
9.752222354909897e-23 100.02337442002144
9.772349119279015e-23 99.97259927412175
9.838313989254408e-23 99.96220478829352
9.968017292833231e-23 100.0525231329953
9.718099449200631e-23 99.98641187212928
9.711680127387867e-23 99.98915315492846
9.908515203142802e-23 100.04633314147908
9.712079264864682e-23 99.98913198960283
9.719869000053639e-23 99.98590888376401
9.701161149061738e-23 100.0014917634238
9.943153781080312e-23 100.04995749742703
9.701480251920702e-23 99.99824519810888
9.958024069317867e-23 100.05142308901073
9.84205305164568e-23 100.03818563539717
9.988263757462499e-23 100.0542947484959
9.761134515411402e-23 99.97519382173257
9.912295188101092e-23 100.0466170309104
9.710599293805605e-23 99.99052276502493
9.789031745662848e-23 100.03008479490559
9.744406297710031e-23 100.02099663183465
9.80764627185795e-23 99.96704693131215
9.7109644437314e-23 99.99069641249218
9.975776167234182e-23 99.94708153940503
9.969564554858839e-23 100.05237965149863
9.703873560974106e-23 100.00283051158584
9.854501250734835e-23 100.0395520150947
9.791829834577613e-23 99.96980362456011
9.710464170208325e-23 99.99231102014255
9.733775190888569e-23 99.98267534303534
9.770868570003194e-23 100.02616899562454
9.889687926509474e-23 99.9564350701111
9.707185904207378e-23 99.99593255560603
9.908003233541392e-23 99.9543821067473
9.705963691004465e-23 99.99935067419669
9.746484104251542e-23 99.9795791894446
9.707096457625823e-23 99.99771873657596
9.772002391678984e-23 100.02596875435498
9.983015654212332e-23 100.05323368278134
9.713192306679666e-23 100.0077641402001
9.948684408344206e-23 99.95028865661851
9.793576066188536e-23 99.97028957121293
9.718751733545136e-23 100.01041199089954
9.709389449801191e-23 99.99695187527541
9.7323000801195e-23 99.9843089087993
9.723356223749058e-23 100.01229117189382
9.729386982280969e-23 99.98545178965352
9.830311270099623e-23 100.0354258349831
9.752573514933874e-23 100.02124664935582
9.720392061358642e-23 100.01075362127787
9.916278068606516e-23 99.95391665162828
9.719947207826946e-23 99.989817267438
9.740949454638543e-23 99.9821214785751
9.833306863537937e-23 99.9644103568952
9.884115376250018e-23 99.95776246509858
9.724154057801171e-23 99.98829591090279
9.906300122089173e-23 99.95518755592641
9.945461444436213e-23 100.04913880697154
9.713594258437122e-23 99.99513709689538
9.714059117406323e-23 99.99478377815515
9.831433905386225e-23 100.03514426146873
9.712415343081986e-23 100.00044498500823
9.881272521880133e-23 99.95839640003604
9.733894768986122e-23 99.98540447503558
9.77784619365346e-23 100.02588733883702
9.720899983786477e-23 99.99127265113367
9.723079240129996e-23 99.99020888389701
9.906365553940556e-23 100.04456770622714
9.863645067330725e-23 100.03935371386588
9.74863251354069e-23 99.98118922376698
9.902762065314e-23 99.95599915046982
9.71734783919493e-23 99.9946216275645
9.844987058618694e-23 99.96333026363011
9.912264826835227e-23 99.95496304903688
9.779313753275708e-23 99.97419735874018
9.715953095962145e-23 99.99675205362828
9.968337904264216e-23 99.94912078798413
9.749677513369397e-23 100.01881644380451
9.926287092328461e-23 100.0465752073685
9.734306624733178e-23 99.98634751814761
9.922508351263917e-23 100.04608806481855
9.996222985267539e-23 100.05357870188027
9.72089022051812e-23 99.99380551649526
9.969596094998811e-23 100.0509449217995
9.814801303706351e-23 100.03177593210494
9.725769275087011e-23 99.99093070335147
9.726482434167247e-23 99.99054771888002
9.720025736335976e-23 100.00455905435359
9.868594430782501e-23 99.96064314918773
9.753970946949174e-23 99.9807988876828
9.916187996316173e-23 100.04514386401296
9.79705943129537e-23 100.02853685500092
9.752430641888663e-23 100.01857074886522
9.956191362900768e-23 100.04935369683913
9.71959976971479e-23 100.00047777806478
9.803186768718829e-23 99.97064874073013
9.76956222953252e-23 100.02276491939982
9.923828481441629e-23 99.95425098681275
9.975875675428101e-23 100.05127565906022
9.729031622925634e-23 99.99046451499106
9.732629207793981e-23 100.01139441549535
9.919605810196341e-23 99.95478121476572
9.813157830927388e-23 99.96908366242464
9.805812538370864e-23 99.97033169675288
9.946216450045581e-23 100.0481903660944
9.727009496516483e-23 99.9924768905658
9.760729777112206e-23 99.9799514151713
9.72234901676308e-23 99.99813590901763
9.819423266861159e-23 100.03177136948992
9.95029125077348e-23 99.95166384578584
9.876890201580414e-23 100.03994063649503
9.936670003621804e-23 99.95316525221787
9.858322524765838e-23 100.03737263021493
9.74476322777761e-23 99.98532011352506
9.842023701828493e-23 99.96513230479424
9.726847234921146e-23 99.99470862369782
9.747558560517945e-23 100.0156004970947
9.737251603079998e-23 99.98845043866756
9.923923019624633e-23 100.04533907202566
9.986361728102681e-23 100.05181596448894
9.804029935845245e-23 100.02865069825167
9.90295180923946e-23 99.95725650418377
9.728562046099859e-23 99.99428092679614
9.936596425160733e-23 99.95349250873312
9.851334684879959e-23 99.96403640437916
9.804336060782208e-23 100.0284147472639
9.844169312130575e-23 99.96529974277206
9.846157051214683e-23 100.03503624487671
9.970408753051966e-23 100.0499552993367
9.78771162782943e-23 99.9750941326137
9.998848823044597e-23 100.05274165441323
9.802831219172661e-23 100.02788640999951
9.889288585611814e-23 99.95929303421786
9.752837207012592e-23 100.01604897069507
9.757997663208055e-23 99.9825317870213
9.868494442725025e-23 99.96214353830696
9.867826390749373e-23 99.96228750473009
9.747056518303109e-23 99.98665847981584
9.761493291300437e-23 99.98194683006598
9.793764807698526e-23 100.0257494071088
9.793864925915458e-23 99.97440725805025
9.948742975583963e-23 100.04736979418973
9.997712676037046e-23 99.94775740644167
9.918542393884908e-23 99.95612100057456
9.740321063805455e-23 99.99034924717904
9.821162634774679e-23 100.0305050369908
9.737258319261232e-23 100.00782029429003
9.821282292437291e-23 99.96961807004189
9.732552209017075e-23 99.99706573016063
9.829911913546425e-23 99.96822548758017
9.910106888003873e-23 100.04283595013229
9.809071682751834e-23 99.97186531180563
9.763840330032983e-23 100.01810182501153
9.733336421285822e-23 100.00300055756334
9.784600552857668e-23 100.02326280216046
9.986001520709246e-23 100.05095947725341
9.99352400109667e-23 100.05169916925445
9.734100710303025e-23 100.00311295797758
9.752953797591809e-23 100.01428036794456
9.734930277344961e-23 100.00398337198058
9.733733292582383e-23 100.00173081696013
9.985925211707942e-23 99.94920011916486
9.941786852306359e-23 99.95381221683024
9.733754271566698e-23 100.00125651051309
9.845899421627734e-23 100.03404210942216
9.791788079975347e-23 99.97558266021584
9.856277776482906e-23 100.03548020125666
9.858573019907748e-23 99.96428196972194
9.796578670514242e-23 100.02536608649267
9.770270639794157e-23 99.98093028129512
9.800086292741703e-23 99.9741391908006
9.946097121956045e-23 100.04652786876169
9.979734429497291e-23 99.95007171063357
9.810266164150999e-23 100.02773717681733
9.739639104500918e-23 99.99400220355753
9.809103153799356e-23 100.02749150859593
9.874952277896175e-23 100.03783586378272
9.800574779007398e-23 99.97427426944684
9.762559013952666e-23 100.01646799636404
9.98046487958746e-23 99.95006702388226
9.949293830467616e-23 99.9533497882239
9.903147651234602e-23 100.04137867562316
9.811544470794416e-23 99.97230527247758
9.781161821748339e-23 100.02139866461347
9.739529027373195e-23 100.00503396361164
9.743729947102306e-23 100.00821476765495
9.762384306095892e-23 100.01615818564728
9.890948845341644e-23 99.96030073661424
9.991303230952092e-23 99.9490856791802
9.884170025429296e-23 99.96124294802397
9.73803017876123e-23 99.99895853634264
9.755237112301105e-23 99.98669904941936
9.769814950584245e-23 99.98190939178969
9.781587076150723e-23 99.97883328522401
9.875740828782361e-23 99.96245343276654
9.850836368793855e-23 99.96602066767267
9.75171187832345e-23 100.01169896778435
9.99989882332467e-23 100.05174143853219
9.742456050879187e-23 99.99388104969917
9.847935695551173e-23 99.96654207822223
9.757017252467706e-23 100.01364967509768
9.833945006598283e-23 99.96877745145038
9.890487250363613e-23 99.96059391155914
9.767449617424544e-23 100.01713617584167
9.901307586363109e-23 100.04084619529034
9.939188128300696e-23 100.04525352493638
9.85697438379897e-23 99.96533903002695
9.97199411227378e-23 99.9513140522405
9.822602450715269e-23 99.97087965476969
9.903680990210478e-23 99.95905981755185
9.91836107287455e-23 100.04280436443291
9.762729655084245e-23 99.98494873892841
9.886200858077819e-23 99.9614105136453
9.839988583017834e-23 100.03194945695412
9.856936998706854e-23 99.96558823598721
9.811021284294605e-23 100.0267582883152
9.762064947921707e-23 99.98567250725718
9.82622425254355e-23 99.97066570749344
9.968529061106884e-23 99.95194087260766
9.855695337972443e-23 99.9659148518985
9.764959186459789e-23 99.98490768558162
9.820486470724678e-23 99.97180752760806
9.985423312661052e-23 100.04983506316171
9.873901889244775e-23 100.03669151339864
9.752572410528113e-23 100.00969563751337
9.752192404921313e-23 99.9906254554333
9.813850386904877e-23 99.97311974757326
9.858178224623926e-23 100.03437551361513
9.746178528913625e-23 100.00480440609513
9.973993463163657e-23 99.95151911738498
9.745202778791726e-23 99.99802518584507
9.87152177976779e-23 99.96398603868819
9.877953027526864e-23 100.03695054890106
9.763494013448987e-23 99.98649163806265
9.76198882624429e-23 99.9871239940819
9.748824552826473e-23 99.99503968950027
9.791533414876477e-23 99.97851525706119
9.757243209750665e-23 100.01047197134164
9.916615799196077e-23 100.04178660790073
9.77323276502932e-23 99.98362095944505
9.910350994270013e-23 100.04092801884134
9.900492829676793e-23 99.96043817622625
9.80492817871358e-23 99.97576483241035
9.935709709363651e-23 100.04390928494531
9.845492216374869e-23 100.0316637624407
9.870946975185271e-23 99.96456860542162
9.863589344918218e-23 99.96565375095358
9.766934221199847e-23 100.01356726589513
9.857888946690009e-23 99.96660398462245
9.778828885647765e-23 100.01737495482685
9.906219216924404e-23 100.04011766537549
9.923920278404887e-23 100.0422808671032
9.856277315976325e-23 100.03310224554566
9.969845454845525e-23 99.95263425481018
9.854592272729825e-23 100.03282702855572
9.999121415132585e-23 99.9496170565507
9.865267151393712e-23 99.96566940725229
9.761698244575278e-23 99.98930285463734
9.801977908510779e-23 100.02307501527807
9.859269614774897e-23 100.0334900818866
9.887760804397016e-23 100.03756415980384
9.762210776555718e-23 99.98930439407265
9.985901015163272e-23 100.04905692229585
9.75163293293578e-23 99.99829980761153
9.904449022725259e-23 100.03970127861903
9.779608959721822e-23 100.01710264145638
9.777582563673976e-23 100.01628932481333
9.763047969597327e-23 100.01067372116384
9.755408008635662e-23 100.00582524591115
9.792599669353407e-23 99.97969763518742
9.753759296029177e-23 100.00359631393958
9.793251929085293e-23 99.97957716624609
9.920210382228118e-23 100.04150453000982
9.759799836423746e-23 99.99164132056634
9.820660914332371e-23 100.02644356155793
9.796747519289188e-23 100.02122489242893
9.88122161218712e-23 99.9637958446401
9.983132683621591e-23 100.04850788498958
9.823149644672545e-23 100.0267106261413
9.757837455564773e-23 100.00587867339813
9.910276026386051e-23 100.04003462417015
9.772021608414977e-23 99.98664287568546
9.766903366789579e-23 100.01126503163707
9.853348936712143e-23 100.03189445922564
9.775667591246892e-23 99.98561507174925
9.809613718381054e-23 99.97647909307238
9.767380206908427e-23 100.01080536409066
9.758277391606228e-23 100.00440379149276
9.817924212298815e-23 100.02520157116251
9.879476250514923e-23 99.96453993116836
9.800209569717386e-23 100.02120640186236
9.799955700847164e-23 99.97896810837406
9.940998384935188e-23 100.0434411932008
9.762021039149224e-23 100.00688950212054
9.762680724161033e-23 99.9928087490685
9.842822978633149e-23 100.02961387050078
9.769273730809864e-23 100.01060773553044
9.766009739541249e-23 100.00863658335305
9.933018460911628e-23 99.95781408165794
9.765206369254045e-23 99.99230516260504
9.829011604601478e-23 100.02683238165372
9.82129265141282e-23 100.0252783222414
9.848371459638372e-23 100.03027088528201
9.916335862335634e-23 100.04003745991022
9.973734470306678e-23 99.95338839652348
9.819977805786687e-23 99.97538688881444
9.763268169888049e-23 100.00440128197202
9.929315142855635e-23 100.04146794024888
9.990083901688908e-23 99.95180716586428
9.924608722956685e-23 100.0408176831302
9.763239255388386e-23 99.99820179820611
9.964366285790838e-23 100.04545611597928
9.764137531648944e-23 99.9969754079587
9.825845629731185e-23 100.02544830121623
9.77687487920826e-23 100.01173049641311
9.830090657751298e-23 99.97389436973192
9.84108648632717e-23 100.02826307730719
9.764357530439294e-23 100.0021460839779
9.804806352928371e-23 100.02053815601573
9.764587800743292e-23 99.99795552724211
9.863824293266374e-23 99.96807675648667
9.771360635697669e-23 99.99165114841894
9.791863712714938e-23 100.0167842428682
9.788159027265202e-23 100.01553680250815
9.804117763367791e-23 99.98000393281043
9.997949584820736e-23 100.04877375753915
9.83599901967368e-23 99.97317863690925
9.798485626790276e-23 100.01837170433025
9.846497781300251e-23 100.02879666691611
9.80225496637167e-23 100.01928227986087
9.768408420765858e-23 99.99578240615533
9.767096230351246e-23 100.0021401135723
9.854066563983316e-23 100.03000275628186
9.811531133268662e-23 100.0214165878735
9.839598798200135e-23 100.02733942244909
9.774029748414333e-23 100.00834499204761
9.849019334888577e-23 100.02901435013754
9.992491589963489e-23 100.04798341980036
9.954265141502459e-23 99.9563800154628
9.810841935722812e-23 100.0210589767191
9.807959830226815e-23 100.02033814011003
9.85396641708805e-23 100.02976952305555
9.820410739352276e-23 99.97686335448417
9.958243255690321e-23 100.04412860130145
9.930761517743485e-23 100.04083953120264
9.990193130758381e-23 100.04765098708702
9.964028321992653e-23 100.04477522646488
9.902635452189553e-23 100.03714801627451
9.898896872539356e-23 99.9635136132776
9.938596265640954e-23 99.95835965569096
9.774027099959999e-23 99.99284138125851
9.836229836444157e-23 100.02636656298007
9.925726138036803e-23 99.96008551578787
9.957407212190443e-23 100.04380420200701
9.802673676202752e-23 99.98186543148009
9.86149338211152e-23 100.03059076276215
9.771396770862975e-23 99.9977219467554
9.772704584499496e-23 100.00415116355629
9.771943914266304e-23 100.00284029108275
9.910351873325078e-23 100.0377922223693
9.796685314907077e-23 100.01616271111263
9.772535039468544e-23 99.99732548931124
9.885336837822786e-23 99.96594209618671
9.885968118806501e-23 99.96588215495493
9.783201375989601e-23 99.98942610089254
9.80610254342573e-23 100.01869148975938
9.887120928667936e-23 100.03436911806152
9.954203649450592e-23 99.95695255072287
9.773817525784529e-23 100.00322357306399
9.852757673670253e-23 100.02869982726259
9.89069632100156e-23 99.9653077777276
9.878893766640261e-23 100.03301932550664
9.800638196036112e-23 100.01687615109785
9.775671533970303e-23 99.9950379502129
9.870594165077424e-23 100.0316773550341
9.883431715321641e-23 99.96643868127504
9.925629131761878e-23 99.96056420820544
9.853638945475134e-23 99.9713470184512
9.814309210774984e-23 100.02056280883036
9.834340004705004e-23 100.02506544925154
9.782839209005527e-23 99.99030431843961
9.804670615240955e-23 100.0178788530159
9.783571628528307e-23 99.99008120265994
9.945889682238094e-23 99.9581282604712
9.957942252726027e-23 99.95670490271826
9.855072867677525e-23 99.97121838668619
9.795475850508404e-23 100.01484672697019
9.78707997725668e-23 99.98859171243618
9.802469950398022e-23 100.01703539988799
9.876570124895644e-23 99.96776034848945
9.850924299648187e-23 100.02796715620308
9.977114522484585e-23 99.95464067231727
9.850779232223299e-23 99.97219249656303
9.808184391647559e-23 100.01842644396501
9.954779459334986e-23 99.9573283200829
9.793919072115132e-23 100.01352899684194
9.996149463801836e-23 100.04741439999162
9.942575906632038e-23 100.0412490677745
9.929909180234271e-23 99.96048820371823
9.799123482522749e-23 99.98501073899044
9.909525476013578e-23 100.03687603013246
9.914208682950501e-23 100.03749847353889
9.77764934507598e-23 99.99901091946946
9.947084391622411e-23 100.04169745585877
9.924679879730375e-23 99.9612693334607
9.788051267692749e-23 100.01014495386121
9.827217037847591e-23 100.02249659232149
9.961268938459056e-23 100.04324726852205
9.979280208999262e-23 100.0452990407617
9.954258043949709e-23 100.04240203899228
9.904947811216164e-23 99.96413217799252
9.838054924209241e-23 100.02466439230821
9.998173286448051e-23 99.95283605592705
9.898891861075849e-23 99.96508729239072
9.78051846182447e-23 100.00299603929685
9.78091457152241e-23 99.99665131171155
9.835207980784595e-23 100.02389938133601
9.781325604245214e-23 100.0029947142205
9.837054473089303e-23 99.97601337179177
9.837164043840167e-23 100.02400622666475
9.834695694341301e-23 99.97668298124857
9.815304595700231e-23 100.0185204022233
9.895652395151516e-23 100.0341414050354
9.78246313345565e-23 100.0006994750775
9.788923825221906e-23 100.00809719775279
9.802371730090007e-23 100.01426485798412
9.812099148581931e-23 100.01740541587144
9.870813018042955e-23 100.03010348870842
9.933413717334344e-23 100.03929603067851
9.913716665057088e-23 100.03662381731095
9.871837630402829e-23 100.03020599717287
9.788214156363746e-23 99.99296141022329
9.82475603904604e-23 100.02068487067467
9.96777163436517e-23 100.04343319286625
9.805145302920804e-23 100.01478691027013
9.853997801501196e-23 100.02682821072223
9.786552932744646e-23 99.99601596066728
9.786048502047221e-23 100.0033149165463
9.815901805367426e-23 99.98234363513774
9.811904799942228e-23 99.98360810507323
9.978028015886205e-23 100.04436469116298
9.816568566696688e-23 99.98228742781711
9.910332376973934e-23 100.03576036107555
9.788392048233108e-23 100.00505564497041
9.865060506409314e-23 99.97159998697951
9.938987943546743e-23 99.96053079241776
9.816886683414433e-23 99.98228600080016
9.804795741084891e-23 99.98627546708063
9.845498788510364e-23 99.97545715584336
9.867978408215398e-23 99.9711616142704
9.922412479727589e-23 100.03734004605799
9.792087239542466e-23 99.99273932994477
9.794662606835969e-23 99.9912709257345
9.790656635587832e-23 100.00575526070915
9.844208356783262e-23 99.9759848991224
9.801825670782332e-23 99.98816704320431
9.978740323176129e-23 100.04414883718466
9.854494533610253e-23 99.97402542243604
9.967362049349853e-23 100.0427571978338
9.791622319680622e-23 100.00519697497514
9.884955924188126e-23 100.0313904784424
9.789426776764945e-23 100.00032864414514
9.82713952322107e-23 100.01975856766512
9.79409665873889e-23 99.99322920943015
9.869512500234148e-23 99.9714426147828
9.837899332391874e-23 99.97782811700209
9.790601542226998e-23 100.00272976799033
9.79929766302718e-23 100.00985106964664
9.820326776705628e-23 100.01765158191455
9.848118274603255e-23 99.97570959678364
9.851694193837422e-23 99.9750055783195
9.872170874579248e-23 100.02899306117324
9.86838251027045e-23 99.97182117843836
9.903648716072123e-23 100.03408719346007
9.822024108276966e-23 99.98213527163264
9.822551557430442e-23 100.01810959522172
9.798633637677857e-23 100.00884848375922
9.963776105367227e-23 99.95812095558166
9.792926597119097e-23 100.00386553450298
9.887876549600347e-23 100.03142832699132
9.913793176418674e-23 100.03537784393501
9.792715183006755e-23 100.0006007695759
9.909598883979041e-23 99.96552105193253
9.804267349575591e-23 100.01078144117685
9.891907329825792e-23 99.96826003806831
9.795303325853113e-23 99.99563746495917
9.838212889812826e-23 99.97869349632865
9.854934043662537e-23 100.02504471528076
9.80692285663799e-23 100.01149587747472
9.794432427306291e-23 100.00114647860919
9.808264107017673e-23 100.01203478679284
9.839311476967635e-23 100.02146508008622
9.876739675351223e-23 100.02903989962697
9.823096496887103e-23 100.01705417494709
9.907950562483812e-23 99.96611823067151
9.797610862034045e-23 99.99539827247573
9.79580986198168e-23 100.00119515316835
9.848036423538052e-23 100.02308135012605
9.922418236264844e-23 99.96418449835534
9.986845885886823e-23 99.95606549978521
9.877441880149244e-23 99.97136806682664
9.969223204966673e-23 99.95816614549545
9.852039344392218e-23 100.02380032282423
9.825416180286912e-23 100.01695721407216
9.8786121198188e-23 100.0288733232602
9.998708939039733e-23 100.04531216542098
9.800390835745656e-23 99.99501003077387
9.828755529077389e-23 100.01776618361323
9.798549667645016e-23 99.99913207156129
9.799694307430904e-23 100.00334408148998
9.798753578882495e-23 99.99975683386931
9.843608034607816e-23 100.02148703417673
9.829736243054006e-23 99.98232060844536
9.801815240601306e-23 99.99554098294256
9.963273497036404e-23 99.95925034556363
9.887887050202672e-23 100.03006590703163
9.811887311219528e-23 100.01096833695016
9.951859246542485e-23 100.03939280961109
9.801359468033883e-23 100.00181801948548
9.951391140429779e-23 99.96091760656797
9.828371097517946e-23 99.98336108459563
9.80238951313066e-23 99.99665588760277
9.827922305991396e-23 100.01661799965001
9.928230118452465e-23 99.9640581409347
9.809025458720231e-23 99.99118779883192
9.802735050147949e-23 100.00339194241329
9.919452555841515e-23 100.03477501630375
9.809566305565071e-23 99.99109243358606
9.931202544863706e-23 99.96372788999214
9.866485795405716e-23 100.02576438633537
9.966490837141055e-23 99.95913770800755
9.860478188323683e-23 99.9756353870694
9.814994162080874e-23 99.98869850801688
9.986467441701178e-23 99.95677479329217
9.87245691155444e-23 99.97328316501542
9.992824461981961e-23 100.04409022709578
9.810129238352924e-23 100.00856820776318
9.804174154166224e-23 99.99674736215951
9.853930932377723e-23 100.02285358104119
9.809926783079821e-23 100.00828677532115
9.863604350501403e-23 99.97528810899081
9.911631015279218e-23 100.03322771932564
9.870593670111151e-23 99.9740113325511
9.820810161767042e-23 99.9872360860445
9.807908283392957e-23 100.00563791081795
9.805737047351704e-23 99.99736184199381
9.82833129713543e-23 99.98466025043246
9.943494194236648e-23 100.03763583244157
9.82549859325176e-23 99.98578347072913
9.806144864973217e-23 100.00139815631043
9.810408172131299e-23 99.9934237393361
9.919038012206445e-23 100.03403918081553
9.808555069376864e-23 100.00479860807852
9.81527147613473e-23 100.00948105043138
9.80747523882758e-23 100.00219731860206
9.846045390540088e-23 100.0200265425059
9.825689426211507e-23 100.01375638586399
9.880282843537722e-23 100.02734086055487
9.809177508955002e-23 99.99645121318851
9.940831833808338e-23 100.03690719384197
9.93285191945288e-23 99.96436612668852
9.811263322096429e-23 100.00556522411335
9.827522143898458e-23 99.98603965823845
9.868845718592008e-23 99.97517938988244
9.808825762914272e-23 100.00184933028908
9.963530853654114e-23 99.9603293291589
9.836484554320305e-23 99.98320791540547
9.857123997116465e-23 100.022295830387
9.887706698021923e-23 100.02843805536487
9.810538041354337e-23 100.00374057131415
9.893188294297442e-23 99.97079677640781
9.821785155454459e-23 99.98881662548165
9.809500323605047e-23 100.00002582165757
9.995610123903855e-23 100.04359122959303
9.843807865523158e-23 100.01880212887559
9.809877796085179e-23 100.00116925735472
9.810553203109443e-23 100.0025794951916
9.87214903860551e-23 99.97485515938875
9.820559986771523e-23 100.01003501310723
9.837256605637108e-23 99.98364043087689
9.881688912243499e-23 99.97332006599842
9.93756144012179e-23 100.035898718689
9.812013471643029e-23 100.00010266891955
9.865789870865428e-23 99.97662457229059
9.991527048125953e-23 100.04281153279985
9.820178326084869e-23 100.00916583219357
9.82507053853863e-23 100.01159151052593
9.959233181273354e-23 100.03879417160704
9.907297523315704e-23 99.9689147333394
9.918760210991665e-23 99.96711542327802
9.933467259111488e-23 99.96492717489255
9.945630641793213e-23 99.96325321503687
9.82315121213866e-23 99.98978622893155
9.840380574021603e-23 99.9835077525628
9.834295311766509e-23 99.98552457675828
9.927278394701562e-23 100.03411898658007
9.855523949567242e-23 99.97943444745879
9.856788331920989e-23 99.97915918297605
9.825097733353755e-23 100.01053271884649
9.892866185050473e-23 100.02838055321169
9.991790142834371e-23 100.04253260634702
9.915502079752537e-23 100.03210067971665
9.923181236749429e-23 99.96690054192621
9.829990872481558e-23 99.98803035408145
9.848681476114931e-23 99.9817717556842
9.81877751853218e-23 99.99484684392942
9.894457437755461e-23 99.97192726515532
9.856601653532897e-23 99.97998383458915
9.989171403285424e-23 99.95830216312592
9.831762145856876e-23 99.98804341489121
9.818482327918848e-23 100.0006364653221
9.93720857282136e-23 99.96529516821977
9.928672941069568e-23 100.03359802699393
9.821568381383705e-23 99.99462043155647
9.946158456676896e-23 99.96408364458574
9.914231621019688e-23 100.03120581219319
9.830945427057728e-23 99.98919257725083
9.880085464204998e-23 99.9752058705333
9.858060273707919e-23 99.98024886416502
9.949766708213506e-23 100.03648641693184
9.998954548474675e-23 100.04274077600945
9.825068786144168e-23 100.00723599681568
9.985202187386433e-23 100.0409202664052
9.822136486979583e-23 99.99775918038196
9.821856022444965e-23 99.99885009269528
9.826407634223157e-23 100.00685762843264
9.835360489818218e-23 99.98838576052403
9.865091781424847e-23 99.97911170546003
9.824315467850953e-23 100.0047613461259
9.896548057663022e-23 99.97252851291738
9.852545411395631e-23 99.98247305932468
9.841526165481109e-23 100.013970350022
9.93248024270277e-23 99.96674841993502
9.977589428169675e-23 99.96052348981705
9.924097137373414e-23 99.96808520976789
9.925957893376545e-23 99.96780674934195
9.894703414033345e-23 99.97317638451334
9.892441434801951e-23 99.9736115551091
9.834745658829367e-23 99.98962310037135
9.824483383920715e-23 100.00184348866193
9.950891078810987e-23 100.03598140467493
9.90374199034736e-23 99.97163299892442
9.901771277624718e-23 99.9720635308578
9.944245154501744e-23 100.03495654135138
9.868909556167913e-23 100.02124612467063
9.825498198954549e-23 100.00015301500385
9.88210631986157e-23 99.97610429412101
9.91639095777201e-23 99.96972228151469
9.833253420539772e-23 100.00849670392259
9.959022345765106e-23 99.96338713916653
9.826742551359304e-23 99.9992143096054
9.829392553655947e-23 99.99492657016127
9.836191837841435e-23 100.00972324661137
9.861616728333689e-23 99.98131743785817
9.840936219400228e-23 99.9883375183033
9.931477351735315e-23 100.03264393957514
9.941118493421512e-23 100.03409830269096
9.82777837340965e-23 100.00032080842617
9.8328033544889e-23 100.00715603554278
9.872176794463917e-23 99.97888366075793
9.891903147263543e-23 100.02556260991247
9.870861867337e-23 100.0209152851194
9.889020742319963e-23 100.02490812087089
9.83093481086725e-23 99.99587315145864
9.854337028987333e-23 99.98410589910334
9.83962629149785e-23 99.98991650537906
9.977828291358957e-23 99.96129542790437
9.829796277195023e-23 100.00109324577546
9.838218690682844e-23 99.99094321474635
9.953345286673864e-23 99.96470026304407
9.94563794591859e-23 100.03433198214462
9.83235520802587e-23 100.00400179919
9.842873332010909e-23 99.98915172735182
9.842100210216971e-23 99.98959799243016
9.968702723360856e-23 99.96279351728022
9.861721872488678e-23 100.01757153344386
9.847747542067306e-23 100.01276940432608
9.86372067563652e-23 100.01807611060667
9.836586829759106e-23 100.00683030731685
9.838766340531108e-23 100.00827099813644
9.891157864870902e-23 99.97557995325363
9.909963585629202e-23 100.02822799371755
9.904492217786999e-23 100.02719298248037
9.992785663374712e-23 99.95980547081224
9.934441273032054e-23 99.9679338311609
9.960979283748913e-23 99.96402024513483
9.880977211790688e-23 100.0222258194032
9.874518661398553e-23 99.97957342881071
9.838096893077518e-23 100.00688972069328
9.87723518394139e-23 100.02118472274722
9.867675319543687e-23 99.9818055176811
9.887508665658584e-23 99.97693902656545
9.99582700324306e-23 99.9597662427646
9.935384142073007e-23 100.03192231900675
9.964497494344835e-23 99.96398475574395
9.948831941985395e-23 99.96625856856679
9.836329650142066e-23 100.00030229437161
9.861811367522401e-23 100.01617364185377
9.838609429192268e-23 99.99574585767496
9.871929437990883e-23 100.01903487892702
9.840864367808256e-23 100.00647337370499
9.953341501398059e-23 100.03450034277763
9.839527137143702e-23 100.00480576015585
9.870244233103358e-23 99.98182439550494
9.976198385946629e-23 99.96263246014482
9.838344595653096e-23 99.99880575313455
9.982875147850651e-23 100.03841359399154
9.849445675351895e-23 99.98991085516242
9.87793644696601e-23 100.01996052139549
9.860266256054003e-23 99.9854899576136
9.851062073685089e-23 99.98916999651127
9.911922446308592e-23 99.97292650518145
9.84315894605189e-23 100.00611288239287
9.897421605823666e-23 99.97584219141649
9.943498787856961e-23 100.03256756133423
9.921479500790329e-23 99.97130191301973
9.874084173996959e-23 100.01867876926174
9.84350451996564e-23 100.00576333508835
9.853543145494703e-23 100.01151357331844
9.956108791416278e-23 100.03433658230837
9.939963598692482e-23 100.0318540197634
9.862446317314751e-23 100.01481964145158
9.855398579694332e-23 100.01212429089007
9.979802158241495e-23 100.0375770395504
9.887983727891678e-23 100.02168950985872
9.992412305481291e-23 99.99922270359772
9.902451180683053e-23 100.02470082353896
9.956586497137872e-23 100.03400141751497
9.863221432712596e-23 100.01421488169066
9.845065913019432e-23 99.99666411449024
9.93010951893896e-23 100.02969057732105
9.977679317211618e-23 100.03692549406585
9.892064250872881e-23 100.02215151704776
9.90459804314242e-23 100.02485730695368
9.845222602353524e-23 99.99763139293066
9.915469905287909e-23 100.0268522533818
9.850070659216583e-23 99.99317029692548
9.997952151659579e-23 100.00917358985926
9.94197248589565e-23 99.96881191032408
9.845595634741672e-23 100.00009344398322
9.935315624757805e-23 100.03029409341266
9.991864382185964e-23 100.0049896073136
9.920151627191032e-23 100.02762974910475
9.999229443212948e-23 100.01009144448896
9.991476219535709e-23 100.00489903301087
9.857306790017294e-23 99.989383300181
9.91621371383722e-23 99.9734260714009
9.974010596259743e-23 99.96413221120089
9.873218823206235e-23 100.01665440439116
9.84754931249339e-23 100.00323828262682
9.859610858857035e-23 99.98865839031676
9.854495424612893e-23 99.9912867424489
9.990753276623854e-23 99.99474134885139
9.988213388140062e-23 100.00117965420036
9.986151698496158e-23 99.96257217316264
9.990266762263071e-23 100.00479826001879
9.859482606805109e-23 99.9888916497845
9.861512795599176e-23 99.98811279531533
9.99428314554818e-23 99.99161348929054
9.915986815674639e-23 100.0264599270516
9.957207121582485e-23 99.966801139689
9.939618984183568e-23 99.96964222928831
9.848360771121313e-23 100.00085189977706
9.999739409127351e-23 100.01150978112442
9.986511252450283e-23 100.00091368987525
9.894219846373459e-23 100.02165177293837
9.998497742383478e-23 100.01118503337685
9.861348323842853e-23 99.9890992608745
9.867702935396342e-23 99.98650243877265
9.879192723695632e-23 100.01747868448768
9.985428778599917e-23 100.00051437805232
9.86320718439867e-23 99.98877937668041
9.998441794489385e-23 99.98787348377063
9.985009101544997e-23 99.99713484148663
9.860571152232002e-23 99.99013514832494
9.995201439055632e-23 100.01058484695687
9.936518417670525e-23 99.97068128300455
9.946755140967067e-23 99.96898889595546
9.988033658164368e-23 99.99281321450358
9.8546214593697e-23 99.9949183636916
9.861565103091842e-23 99.99030169839821
9.852162278061358e-23 100.00070484327999
9.925449014247361e-23 99.97285340843486
9.916377432245656e-23 100.0256501209702
9.874887795403353e-23 100.01525551662266
9.852774714499581e-23 99.9983166561864
9.858436250460351e-23 100.00789818065472
9.988316437280111e-23 99.99211365454974
9.983826635883184e-23 99.99575176926876
9.863038430559245e-23 99.98997556007961
9.985410990571169e-23 99.96352123409193
9.879582061889023e-23 100.01653898116416
9.986209458055006e-23 99.9931121797962
9.854262951526685e-23 100.00263211268015
9.93477315475889e-23 100.02879264270818
9.959196006671811e-23 99.96745288728532
9.981329594796453e-23 100.00149318617477
9.867988228893512e-23 100.01203747660931
9.950325268631669e-23 100.03132591982089
9.933188301411165e-23 99.9718485728416
9.870297751971594e-23 100.01279558402003
9.987365690367747e-23 100.03672407295835
9.891175177058263e-23 100.0192633669623
9.876682680456357e-23 100.01482343278872
9.893748945387672e-23 100.0198571851403
9.856602001974322e-23 100.00331039190175
9.904142950115186e-23 100.0223213631929
9.899950429801809e-23 99.97899425748486
9.924262899599133e-23 99.97393998928008
9.861015156284058e-23 100.00676546927122
9.979354808748507e-23 99.996598062639
9.867456692287594e-23 100.01050030196534
9.870951006143542e-23 100.01203969071673
9.958339648911421e-23 100.03212281207438
9.994325283826825e-23 100.01293230582172
9.985590665097948e-23 100.0361387520102
9.996305387361851e-23 99.98594699523366
9.857825470999775e-23 100.00137856324196
9.946654663310488e-23 99.97012294329409
9.99913938179169e-23 99.96234846233938
9.954550326929177e-23 99.96887372950992
9.872515048742162e-23 100.01222373873
9.889963595031407e-23 99.98218515843574
9.902552483425002e-23 100.02133770616565
9.977794760783761e-23 100.00331705613284
9.86354088325002e-23 100.00729690122115
9.86330033572878e-23 100.00711028590031
9.866821445761419e-23 99.9909791169762
9.992995969681917e-23 99.98680112497135
9.859285968282068e-23 99.99771816661043
9.876088059049697e-23 100.01326930650893
9.958796270209084e-23 100.03191057866005
9.873021678378529e-23 100.01198615362459
9.98793765681878e-23 99.98862213931316
9.982444173174823e-23 99.96488079352324
9.875139721958825e-23 100.01266865467159
9.85992331599488e-23 99.99994321340903
9.981442346510213e-23 99.99175416733931
9.900903290766324e-23 100.0205000234698
9.977632435849286e-23 100.00512351819427
9.987163179145709e-23 99.9885354543002
9.977960437681354e-23 99.99393567274556
9.981988912165336e-23 99.96511506336415
9.878902590987591e-23 100.01376424996947
9.880467630864255e-23 100.01426050383157
9.863353078307738e-23 100.00487885903114
9.980734059998486e-23 99.99127131150526
9.973424893427235e-23 100.00021208415941
9.883704985037092e-23 100.01499152637243
9.862052038361858e-23 99.99957647585515
9.86207670524162e-23 100.00021260420611
9.869817480910098e-23 100.00894371237855
9.994430224513284e-23 99.98486698218346
9.90242339177441e-23 100.02022259137925
9.943581625370222e-23 100.02874668923566
9.863820332191021e-23 99.99744324075994
9.863127029126937e-23 100.0006057691822
9.969860071664643e-23 100.03299110871974
9.972746005308056e-23 100.00351309236305
9.9051537383449e-23 100.0206766008461
9.989177353492624e-23 100.03572990842687
9.865160557065006e-23 99.99671654050856
9.992494450387244e-23 99.98495877811608
9.991426547075755e-23 100.01442264455467
9.925513500473212e-23 99.97526309233088
9.971664390308131e-23 100.03297292727444
9.97579703816669e-23 99.99207915933609
9.93427617029742e-23 100.0265996244699
9.976855758325635e-23 100.00835789044332
9.909400423661506e-23 100.02131371270659
9.936671914616545e-23 100.02696440103512
9.976826901196501e-23 99.99085774466283
9.935504184892685e-23 100.02666424786082
9.973621482509458e-23 100.0068108468394
9.971865845902563e-23 100.00558136917901
9.868249642312853e-23 99.99588233780722
9.993052924345115e-23 99.98390143488774
9.87196719181717e-23 100.00723482762349
9.868538004562956e-23 99.99642353627888
9.990417819278821e-23 99.96491403611539
9.965178179925302e-23 99.96874467550197
9.931121153610761e-23 99.97478171736604
9.941980637194878e-23 99.97273245194086
9.977140379447249e-23 99.96696209731286
9.975837417918555e-23 99.967163559964
9.875835542765309e-23 100.0090858225648
9.986472228888841e-23 99.96560366327508
9.913109534902497e-23 100.02149931297542
9.998102953406508e-23 99.9640065857147
9.97355328618105e-23 99.96758693426895
9.868789489894241e-23 100.00068498191901
9.968345581585585e-23 99.99518028046889
9.88461057619351e-23 100.01278900557386
9.925825428855264e-23 100.02410293831056
9.993356780226425e-23 99.964807538515
9.871618552144308e-23 99.99558743896259
9.872384248079085e-23 100.00541366790664
9.909718706905923e-23 100.02029462522508
9.882784262219273e-23 99.98865102551122
9.893310557627777e-23 99.98482117910021
9.998883013763356e-23 99.98112481576318
9.94731198221333e-23 99.97226326635763
9.964941120563133e-23 100.001424507649
9.988474951588979e-23 100.03466229856339
9.908670055755507e-23 100.01974868910602
9.897076281872721e-23 99.9838550376762
9.871268177583892e-23 100.00181861483001
9.994836188577438e-23 99.98201500147863
9.965030103074741e-23 99.96939904647925
9.990512579095255e-23 100.01638513155086
9.911755511534787e-23 99.98003417953782
9.966450828128704e-23 100.00549384080972
9.96057867236188e-23 99.97027590740929
9.978084198902869e-23 99.96748173080375
9.873435900651287e-23 99.99636395579986
9.912326686697183e-23 99.97997871105667
9.889383347882979e-23 99.9869308400827
9.926642038539551e-23 99.97669410091594
9.916924399370143e-23 99.97898019962865
9.986756231940918e-23 99.96626465695614
9.970087211331997e-23 100.00872579916994
9.966494516530697e-23 100.006388115804
9.995487707032966e-23 100.03533192395594
9.962820830933082e-23 99.99700595942888
9.959314056155833e-23 100.02966009207779
9.96354303658236e-23 100.00403480403828
9.895535062070458e-23 100.01519015987412
9.958495807211486e-23 99.9708818126022
9.957631270537977e-23 100.0292935526775
9.893810407507847e-23 100.01445601923382
9.887816918515966e-23 100.01208887446309
9.961710096729802e-23 99.99700298539439
9.884188367786155e-23 99.99008475228871
9.887601784021446e-23 100.0118499904661
9.961875182956111e-23 99.99653407641628
9.925438215364751e-23 100.02291547702627
9.874751559555844e-23 99.99842596578802
9.874545872220912e-23 99.99923084759412
9.963728645423504e-23 100.00572044517754
9.876571422044859e-23 100.00446354617125
9.886091048898166e-23 100.01076316077786
9.996255808859173e-23 100.01914022842921
9.983491052254456e-23 100.01542447156469
9.875589803807138e-23 100.00084358284275
9.904952816865632e-23 99.98295266605957
9.959586690083878e-23 99.99857337121485
9.909598363906466e-23 100.01872633867669
9.960923011639011e-23 99.99578536360634
9.959734740391712e-23 100.00242269035414
9.879604840078091e-23 99.99413128720437
9.88861119662873e-23 100.01147796422562
9.883557829182815e-23 99.99156143936304
9.9905670965006e-23 100.01789792281596
9.928520197024195e-23 99.97723941768334
9.876994602669642e-23 100.00260849751297
9.928144655536947e-23 100.02301123144744
9.947589491848953e-23 99.97346545786172
9.92577794638984e-23 100.02242515346839
9.94791753833446e-23 99.97343546522454
9.958235994173006e-23 99.99911548540297
9.881573314613778e-23 99.99327360548081
9.954371762368596e-23 99.97233044091652
9.97909687769432e-23 99.98496454476151
9.967660334069573e-23 100.03034740601318
9.973096429128418e-23 99.96922249268476
9.933085648018412e-23 100.02384130268462
9.893412818151003e-23 99.98765515519649
9.878203566650448e-23 100.00189063557909
9.982751346389771e-23 99.98349423300978
9.919496075804379e-23 99.97982937384809
9.945042287611789e-23 100.02612691809058
9.942157820522572e-23 100.02555503544717
9.880406149372427e-23 100.00457054580664
9.878801143919156e-23 99.99871885908435
9.87888943589832e-23 100.00192130144694
9.959218528902045e-23 99.99414007508057
9.927189181997747e-23 99.97815168933182
9.880803312630713e-23 100.00452845561449
9.880897941809785e-23 100.00461493835184
9.90622677872043e-23 100.01674201411251
9.996069567078617e-23 99.96596723545355
9.958812696256652e-23 99.99423468359902
9.879667536441726e-23 100.00228017949836
9.97094541394867e-23 100.0305810387763
9.95761087918424e-23 100.00419282409808
9.915990488858778e-23 100.01941523734365
9.958153343833092e-23 100.0049787992528
9.906540748743218e-23 100.01670848162459
9.907131615072925e-23 100.01676666501564
9.979059005958212e-23 99.98404637982347
9.917008068334746e-23 99.98091540268487
9.956051719123226e-23 100.00398469815707
9.882992473670518e-23 99.9955219330464
9.958817465985146e-23 99.99282851718544
9.978328679952166e-23 99.9838918988096
9.953018618304458e-23 99.97335451351188
9.968289967606338e-23 99.98751002712673
9.960012720651257e-23 99.9917020630423
9.995050236063449e-23 99.96649154191445
9.925113850583481e-23 99.97944099336928
9.882274790796804e-23 99.9995170842744
9.997798501626452e-23 99.96625294840501
9.955773842406146e-23 100.00556532663488
9.964871142517215e-23 100.02892533934727
9.91963484554183e-23 100.01938132478874
9.883996992500363e-23 100.00302595022232
9.997432731225988e-23 100.03407659814087
9.884792853570206e-23 100.00397739430396
9.954187629163513e-23 99.99461808354542
9.973116537395373e-23 100.03024396252974
9.885701186945336e-23 100.00491274254222
9.95141441468687e-23 100.00068703368606
9.909036819088946e-23 100.01620176505676
9.975943376728141e-23 100.03061271192217
9.974300189057469e-23 99.98412827191031
9.924900871737564e-23 100.02042838374246
9.9686475418289e-23 99.97119636515086
9.912806280531249e-23 99.98340472461807
9.979203150985384e-23 100.01702635042318
9.96645618172876e-23 99.97164394206341
9.997810497756202e-23 99.9775410571308
9.969690364378334e-23 100.0293897027813
9.951682258159782e-23 100.00425519057546
9.895841785570905e-23 100.01037640938193
9.991163407937227e-23 100.03272699956403
9.98646939591943e-23 100.0319835897295
9.953754361834884e-23 100.00683013821669
9.955261194956702e-23 100.00794115739419
9.894596432067549e-23 100.00939381704814
9.886475314115179e-23 99.99893590285771
9.886386388184286e-23 99.99993171471229
9.970129120504228e-23 100.01471359515766
9.896549008036837e-23 99.99026292761563
9.962017753004271e-23 100.02775096309121
9.950343160887671e-23 99.9951906350579
9.965820478547092e-23 100.02839084694571
9.897736057257188e-23 99.98980589913127
9.952934346329859e-23 99.99265250256823
9.904940346899624e-23 99.9869068442549
9.977373004474806e-23 99.97029520081426
9.903601829320965e-23 99.98757240890038
9.914416450768538e-23 99.98388071901982
9.897106207004411e-23 100.00996498659315
9.888884870504708e-23 99.99693639021493
9.974298291102134e-23 100.01651137201318
9.9967185314305e-23 99.97700226404991
9.985238483688396e-23 100.03144706658917
9.959991582428355e-23 99.98805519585221
9.89510645594988e-23 100.00848792155543
9.949179661595032e-23 100.00486409863902
9.983245827927668e-23 100.01923105037112
9.978033870800519e-23 99.98162491723738
9.959930803659855e-23 99.9878861634205
9.95923849755893e-23 99.97377952326732
9.904500064140742e-23 99.98786367097773
9.9685111735314e-23 100.01516306713239
9.950932782346678e-23 99.99217946302433
9.945531222356105e-23 99.99889220089551
9.957141810537367e-23 99.98862012603789
9.92351820434311e-23 100.01867672994568
9.98669340960288e-23 100.03139404633971
9.927880267051845e-23 99.98078847464386
9.923202283757517e-23 99.98205977118195
9.978971222996014e-23 99.98089518254575
9.89014508791059e-23 100.0010275562279
9.890897562598483e-23 99.99746117960508
9.971038065818523e-23 100.01617789269054
9.899070645292037e-23 99.99081430420081
9.978990645214897e-23 99.97054341467975
9.945673139381753e-23 99.99624435661104
9.938646863152887e-23 100.0222338560594
9.94440537953385e-23 99.99938218942073
9.955422237407168e-23 99.98889433537403
9.959815564264023e-23 99.97408363592197
9.956565006559586e-23 99.97475659053646
9.957086142779441e-23 100.01142116081769
9.91663057495866e-23 99.98432980145297
9.897330751492442e-23 99.99245754943178
9.943959005037492e-23 99.97735608573862
9.982986123293457e-23 100.03056953094396
9.986316540119808e-23 100.02071190410888
9.899995178186046e-23 100.00962250432262
9.963004009012642e-23 100.0138772393208
9.944126978895096e-23 99.99726314623098
9.944251807415225e-23 100.00270550045957
9.916511503251777e-23 100.01601077759784
9.904932428256026e-23 99.98888988511763
9.943130178697867e-23 100.00041106833129
9.991807320854098e-23 99.97712036055522
9.909601374292636e-23 100.01347394673941
9.943167350170754e-23 99.9972800514496
9.903019740141931e-23 99.99000909764574
9.946442549155678e-23 100.00606797340356
9.942533315512046e-23 99.99842660048395
9.921670413604172e-23 99.98329655256724
9.936369528549126e-23 99.97945071290599
9.945261446905178e-23 100.00528644581115
9.892853239051198e-23 99.99965847481685
9.968385972593284e-23 99.98313722360193
9.924226342650964e-23 99.98262623644081
9.938299135298315e-23 100.02161492759488
9.945670678887154e-23 100.00593790011635
9.959637411169691e-23 100.01332467659884
9.917451342929915e-23 100.01576219123399
9.998256946397417e-23 99.97527611411239
9.930298791247708e-23 99.98133505783132
9.942388450428854e-23 100.00357837838393
9.959766563356275e-23 100.02592189206646
9.988335397196037e-23 100.03094698705159
9.930973083563591e-23 99.9812965238327
9.894733732016975e-23 99.99982099542946
9.951486387602497e-23 100.01053799762686
9.954614508994642e-23 99.98728396897252
9.897112640840477e-23 99.99573524492585
9.977117066762808e-23 99.9719136541681
9.939665681095728e-23 99.99997885026487
9.94209010921933e-23 99.99447645651588
9.912205308392982e-23 99.98746508204992
9.99012241264131e-23 99.976543300892
9.955424742991608e-23 99.98664163510443
9.971151700068023e-23 100.01787254976612
9.904209830950558e-23 100.00953808946339
9.907043374786422e-23 99.98974957791853
9.93931694638102e-23 99.99833954352711
9.947707087238234e-23 100.00911048269174
9.99462759029163e-23 99.96917378128467
9.981507060250762e-23 99.97852078153939
9.970307108820166e-23 100.0176975053858
9.927483701535425e-23 99.98268830698925
9.985826954475748e-23 99.97063128307266
9.945250421467193e-23 100.02245673788838
9.945781041662112e-23 100.0082066584637
9.983651682103936e-23 99.97102106181131
9.957638720045855e-23 99.97576254763615
9.948213842825259e-23 99.97778340930013
9.95099879106301e-23 100.01113468706458
9.901353608252528e-23 100.00698081563533
9.946754024956988e-23 100.00917890306638
9.911028308037744e-23 99.98871882653293
9.956348490096928e-23 100.02457796910649
9.939213851873929e-23 99.99499687752898
9.94050230575752e-23 99.99369934774379
9.980221444729793e-23 99.97199151731046
9.996606336803916e-23 99.97441905478367
9.898297808474889e-23 100.00053825745395
9.919082442770752e-23 99.98607509148474
9.90362646531545e-23 100.00756718838115
9.941149526039612e-23 99.99261019541197
9.963910424194474e-23 99.98256673517129
9.929189607629406e-23 100.01785988195951
9.983818827230556e-23 100.0294746667531
9.950112976076907e-23 100.02301468410738
9.908027428921561e-23 99.99080201812059
9.90062225946698e-23 99.99618958506849
9.90022079448489e-23 99.99693312485238
9.987325195833136e-23 99.9710815325163
9.993116019425743e-23 100.03090015516906
9.95732760042285e-23 100.02439517679079
9.936486520445845e-23 99.98139474129931
9.92245643181668e-23 99.98554977998084
9.93529978227989e-23 100.0013017091257
9.988043384153406e-23 99.97117563809368
9.97898406274799e-23 99.97269998340678
9.961157592828156e-23 100.01614114852973
9.976455330298292e-23 99.97315569959221
9.983501328861723e-23 99.97201265828556
9.900503859355136e-23 99.99933902694104
9.937322144803194e-23 99.99417434874869
9.933456541458449e-23 100.01851067351
9.999902708298572e-23 100.03174818225786
9.953613317729635e-23 99.98522041366
9.940147702142243e-23 100.02020182655534
9.901698027903218e-23 100.00355472052121
9.938680459480662e-23 99.98127789456568
9.946030894636038e-23 100.02141201663576
9.964568942831899e-23 99.97591320770916
9.902404465882575e-23 100.00159477001351
9.923836850852789e-23 99.98604738258207
9.957181005432098e-23 100.01562070073403
9.931662385216645e-23 100.01742341018665
9.918353034288705e-23 100.01288091358629
9.951628947215476e-23 99.98498492685869
9.951754942078767e-23 99.97877465669568
9.904745829060648e-23 99.99626485317705
9.941573594410268e-23 100.00953424655702
9.943477260513414e-23 99.98832873688255
9.932662474420584e-23 100.0023776055894
9.974197606799369e-23 99.97446890035663
9.98666044121408e-23 99.97245079634915
9.949023718525579e-23 99.97953795975039
9.915062071857852e-23 99.98991991004262
9.966431734127726e-23 99.97993220430251
9.923139392795704e-23 100.01440970028537
9.908262199844001e-23 99.99383897581852
9.90774049397954e-23 99.99467242827753
9.936993268963617e-23 99.99120474187696
9.9586005170196e-23 99.97779441737221
9.92933350353115e-23 99.98504575455493
9.94945938218567e-23 100.02157420367584
9.938258252897508e-23 99.98259776330615
9.926894827434669e-23 99.98591858287911
9.979340958084645e-23 99.97597049899038
9.911561638389384e-23 100.0085915929364
9.939138469938974e-23 100.01881719082193
9.948861228730705e-23 99.98027190486815
9.973154042193606e-23 99.97709423790083
9.907185346592186e-23 100.00477574150855
9.929319326142025e-23 99.99891237014626
9.970544988533278e-23 99.97755842184961
9.9471013297616e-23 99.98505842175668
9.933519118893548e-23 99.99209914140258
9.994167642891254e-23 100.02571443312829
9.92612897663707e-23 100.01455694251504
9.999827906506435e-23 100.03079448480273
9.929098649823488e-23 99.99665796649515
9.943806385073545e-23 100.0197272400866
9.985667574454298e-23 100.02401652704417
9.954106578950419e-23 99.97990276647636
9.916558506594372e-23 100.0104208578155
9.93363298106631e-23 99.99124585078361
9.938559444925422e-23 100.00998442687548
9.907624339763298e-23 100.0028795851338
9.923249903020279e-23 99.98839882909454
9.937461021686733e-23 99.98848339487876
9.919132770909728e-23 100.01130292313746
9.931090398639676e-23 100.00574371889752
9.92962759013546e-23 99.9937876723881
9.955236239863213e-23 100.01670176494476
9.932932837035713e-23 99.99021518199578
9.932079169865762e-23 99.99076003628902
9.928367061505706e-23 100.00433201015706
9.960230609568084e-23 100.02299187990764
9.912399664080873e-23 99.99547808762702
9.937038135652385e-23 99.98663285151638
9.927871400864903e-23 100.00421926860564
9.909536774695368e-23 100.00151958303864
9.995809158464301e-23 100.0295991034864
9.925722966143746e-23 99.99608780481927
9.926545562710981e-23 99.98883150698887
9.955710378851579e-23 100.02179361162645
9.924673783078233e-23 99.99753844175436
9.9102991900459e-23 100.0012698577369
9.991071114358761e-23 100.0258831380343
9.924458308063415e-23 99.99902925904888
9.928697388634107e-23 99.9913221793663
9.919556763060508e-23 100.01011326477112
9.923008636243064e-23 99.991312298132
9.923671816002126e-23 100.00039797811463
9.95877584050632e-23 100.02217272134396
9.916045324561125e-23 99.99522229235683
9.923687088167312e-23 99.99246611214666
9.945206868756586e-23 100.01879010380483
9.941138499328161e-23 100.01317022079733
9.91418192222734e-23 99.99882943277646
9.990852808958221e-23 100.0281042727348
9.918860537058817e-23 99.99581414660162
9.98310278361949e-23 100.02673911875063
9.923930220464423e-23 100.01121354397786
9.916654169626438e-23 99.99698076040332
9.914078800824319e-23 100.00237261001732
9.915734790302607e-23 100.00522360742315
9.944951315827049e-23 100.01513898873436
9.915353122029056e-23 100.00101956955402
9.919711199203155e-23 100.00082057167228
9.928806420025792e-23 100.00838308361392
9.976456185795749e-23 100.02375246865098
9.941128018381373e-23 100.01396364295633
9.985271325313655e-23 100.02587230831183
9.988382235777428e-23 100.02696227514527
9.931139887682748e-23 100.0100910386197
9.92473360709296e-23 100.01054096308737
9.948974339273525e-23 100.01681610245525
9.956803596996529e-23 100.01911040955184
9.972728384831665e-23 100.02325518005642
9.974597734037136e-23 100.02438119519142
9.95475620733315e-23 100.01869655402692
9.945883683442083e-23 100.01788369683833
9.95979413243726e-23 100.02115425610717
9.93690181592392e-23 100.0132221376467
9.933973483086728e-23 100.01328133795587
9.935021231976295e-23 100.0132913461184
