chirp_mass mass_ratio initial_eccentricity
19.7118011670146 0.8314920213381327 0.04423084880407089
19.753484722555417 0.8298246622505876 0.02846945768918765
19.707192684303628 0.9858174735108161 0.027975576864510927
19.6393035434937 0.9825767264600043 0.1311662829849479
19.746483969488573 0.8357970036111153 0.010034821123227153
19.69142336096988 0.8476385317532279 0.09834312762341572
19.677089910992457 0.8553007633414744 0.017965377405516937
19.606312446996085 0.866757643538073 0.08904730760229888
19.569473131442727 0.911399999460657 0.04781364816590657
19.622104947126584 0.8800266091334669 0.016837330810937325
19.577426089822428 0.9114933945826429 0.032240666373437164
19.574171825978876 0.9151743967268156 0.035645201527385824
19.70627430408894 0.953203608526375 0.028437333707553476
19.56065805602651 0.9559022941513756 0.07520367459784551
19.70500185377361 0.8797266012333465 0.09193806370487492
19.69358826170562 0.9930661507611687 0.02380021696421341
19.73771248419218 0.8675890046187482 0.0596995445285208
19.698245948203535 0.8963053669745908 0.09231798240970485
19.741873114613256 0.862464071461722 0.05061377734549192
19.612837677793944 0.8863412365099697 0.04113755994213271
19.72507827425774 0.8455035200612537 0.05185455440355698
19.690849430780634 0.8585770865953251 0.022863675178135458
19.523139304914782 0.9204847487211107 0.13989063009121172
19.692251243056067 0.9989008908089081 0.032213049816350064
19.72103790387534 0.8712484584283874 0.01136144387420055
19.67233530846593 0.8590527048678798 0.06034882451193511
19.72346200975769 0.8768645801137074 0.021594506469888662
19.72707624225547 0.8749070847647382 0.010063185277467204
19.687360106556014 0.9920315786946706 0.015050268224317908
19.60839568790082 0.9634637232244966 0.1412198094873897
19.708668596138093 0.899510381046255 0.028776677134295756
19.709648038882992 0.9288812440516112 0.010582904333886034
19.727342959699516 0.868801337934479 0.01688167916651041
19.717119082344094 0.8847808679158626 0.02946086795321664
19.6835201744433 0.9919218717715984 0.07467638120065448
19.5552722644188 0.9156869993640564 0.08936088951305973
19.685503369199647 0.998102088682842 0.061665138750382244
19.607137782994748 0.900029637198748 0.03160745555112572
19.68727436655411 0.9875220842673341 0.034906408234451194
19.50130861055287 0.9515593525646084 0.14326708876681438
19.623119398702922 0.8919561728837888 0.01233566977456657
19.71519705482487 0.8718736908196623 0.025998624704087318
19.699943691225315 0.9018997378221942 0.019112966449197803
19.584214615227957 0.9381633419639459 0.1485678047384427
19.706123884567653 0.9331558775255338 0.03625873639169709
19.70875507156485 0.8679013055608475 0.028104198709944437
19.65123263544269 0.8616368264314798 0.029047198441515956
19.56444171537863 0.9501705382152836 0.0898707173273874
19.710481440476585 0.878780527071086 0.0236716136198626
19.690541139282047 0.960269711175362 0.05757438268372114
19.540682085860702 0.9574685813888539 0.11075128960975486
19.58544207833563 0.921121961094401 0.030047747951615737
19.630858764688913 0.8888334002875895 0.012808184447968836
19.6246902276022 0.8832375510802604 0.05245991789286834
19.666341686638756 0.9857525406050972 0.09487183387766553
19.57307247017255 0.9449682210963064 0.030096766794700833
19.680838116483287 0.996631874495516 0.0564411819107848
19.588895717638707 0.9147319789284519 0.041969878281001335
19.625986612100757 0.8948503664132537 0.010520781381389809
19.578698209485008 0.9429531953103145 0.014229819398291061
19.690290963624058 0.8747536379782457 0.02527132548779608
19.571890695301462 0.9403776494633815 0.04203599800988128
19.672570514335245 0.9873374813366981 0.0126433480936383
19.692574988112085 0.9447497324730663 0.011445783671896064
19.701132427058315 0.890378290737037 0.03372130697638719
19.626899395191835 0.8915216712246705 0.0263002849138469
19.60754097165234 0.8975270340588337 0.13540240626893543
19.67096129040566 0.9646629080384428 0.09125617091184036
19.680297403063324 0.9775619356503011 0.014577799301131678
19.67259890929714 0.9926160645762607 0.07366191402768382
19.691436479380076 0.9497080871466489 0.0246850418035003
19.68709872448439 0.9601686138439598 0.05818720148756615
19.608613721113063 0.9044287574927734 0.037622104355007846
19.576570255320426 0.9884775519801188 0.14949296032540724
19.70087932418737 0.8848733455531193 0.07143819741312457
19.683197132873342 0.883619856567702 0.015702469857845732
19.69941686298494 0.8818638200617286 0.03217719138950387
19.669622950894638 0.9984422813130521 0.012312001512440164
19.62665227683045 0.8903783090873754 0.036471445599393845
19.579376197638915 0.9258920309653184 0.05153344064451804
19.67207659252423 0.9918502665342576 0.04333727300827785
19.685908330562544 0.8667487958024145 0.07212879455800812
19.575179417740763 0.9659859087935245 0.012491349431771312
19.595719620099246 0.9147481251764691 0.03388870573255171
19.632882515274574 0.8790473397542029 0.01751006907459497
19.623750374026905 0.9701552211408766 0.1284742093745777
19.635755713793113 0.8689339932142113 0.05341361544909821
19.68826742475209 0.8807666081036558 0.035612524842483166
19.591490847349036 0.9214318859355439 0.032640549201387314
19.66760093159002 0.9985622194418993 0.020439788559754837
19.576149207805173 0.9669083451821483 0.012129406879741858
19.613964969278488 0.9108455782068661 0.014358518859078412
19.69735021389158 0.8841359868489334 0.0642669382285521
19.694349306335987 0.9382984989061272 0.03487416266378469
19.68337195122593 0.8792500777822195 0.08960092700396312
19.63386868568869 0.8789163046750532 0.01857743667256296
19.687622883510784 0.945777429793357 0.013938159682517165
19.7011353370795 0.9226871215420361 0.01064039942454729
19.66842152445032 0.9773625620262429 0.016391363330141077
19.536683293823366 0.9442802095946371 0.1438722479595847
19.70011644734031 0.924287116794289 0.01247807040938475
19.691981389187628 0.9420384171533066 0.04120111469665175
19.674408861935305 0.9706918604139595 0.08133501255664306
19.62770206960157 0.899986908364995 0.01587603254985063
19.614316554210657 0.8951960492498671 0.05989747396521093
19.68242186250215 0.9551832792558412 0.02329664305679348
19.675627226145473 0.9676118019132077 0.01070063949036427
19.665940180349377 0.9734924075577558 0.013711504108749327
19.63378604355251 0.8963615413862337 0.014602444455249355
19.702020198188258 0.9178833103118728 0.06717707751535575
19.576311864413324 0.9880514405564419 0.013044144608421635
19.553338660363366 0.9512244744343363 0.1116398668982594
19.66466304520257 0.9939824022859141 0.031101363260983294
19.613554004132006 0.9171738348717136 0.011375502141952485
19.661317260497587 0.9920614899826007 0.01290514655349893
19.678838644451538 0.962523334126274 0.03107669174647138
19.703950059216666 0.9165286198248211 0.020553916788626444
19.68799245479628 0.8899413799818077 0.05428957971375286
19.61878809909874 0.9029337864296723 0.038561453371230014
19.58698236010317 0.9421902162167721 0.020266278583146145
19.67461315400907 0.8749331409055706 0.08696371654507225
19.5946842682231 0.92980744866906 0.016620024701071885
19.664714044131404 0.9833142979432761 0.029324387853914766
19.6338773014069 0.8802453067743069 0.02683131152454294
19.640180978613508 0.8730733120234972 0.03997637932794588
19.66943661705835 0.9601983856240446 0.02310504762507221
19.555208391177477 0.9145293969721434 0.10459761194419322
19.609289213936957 0.9188142035271726 0.027304062288848106
19.58451933472788 0.9329281766511923 0.04427265182580508
19.57889792748143 0.9758725703582426 0.0159181682431158
19.64765108464196 0.8585503291279755 0.11117095857237655
19.56923411000503 0.97526230305556 0.09619954296173776
19.664776359316484 0.9828889351541977 0.03685573132395279
19.564193581854695 0.9606864679090357 0.10252974188794857
19.65554538742336 0.953358684774834 0.10588490679494783
19.664625175547165 0.9724076972351934 0.08279106970333483
19.674550404769423 0.9668659388576328 0.02431683117484243
19.649169027417017 0.8737341787912277 0.016670396911886147
19.68377907116318 0.9486109075065736 0.04324119793021076
19.572685915041475 0.9079544649477174 0.09292402237733546
19.697278562694635 0.9248460809708148 0.03193209033069097
19.68220541538592 0.9474287553263379 0.021833385972811956
19.663670998013348 0.9798410325605579 0.07854516537378371
19.7010101006828 0.9157165651348321 0.015402988687852469
19.59634982558763 0.9170739609509526 0.04666692680714706
19.579833265107098 0.9976848907968223 0.013217747876669588
19.67977436567611 0.9557471645921201 0.05691212260205733
19.5816921383234 0.9514253258560922 0.03540394608577315
19.625643028643587 0.895020420554972 0.1257451502441961
19.678832656465094 0.93507572569567 0.09097246873359542
19.6210983571039 0.863984879477224 0.10265665498717295
19.595394669628448 0.9369500889101372 0.014262119785633742
19.576643218224003 0.896396663269905 0.13793552097099165
19.65423462179528 0.9967577150735345 0.010616705374347286
19.58081424171479 0.9898174492023801 0.01712826902298176
19.58035493185678 0.9509745879552219 0.04218885749462472
19.66407901946419 0.9423202341130008 0.09763266630059997
19.56643675394359 0.9624390965489966 0.10436794356651229
19.56681993476499 0.9538686642257461 0.10582982589836369
19.660232714677136 0.9642924093564365 0.09205536373797042
19.581263363176575 0.9984291316654721 0.01836692841857859
19.653791844589275 0.9999531819232192 0.017504367236917288
19.63751154871691 0.9023769610153419 0.011763220762335092
19.66521152986245 0.952134016605788 0.019003407382744825
19.662569601498028 0.9571812456544195 0.017536012056099115
19.58869280919998 0.9461764292005115 0.029322763854110687
19.592353643997953 0.944437643225428 0.020549002243312183
19.596246014938934 0.9389530682753486 0.01580320279790782
19.605635780380876 0.9012239135660101 0.07423125670122117
19.61894028679911 0.9208743231283945 0.01724328764980838
19.665286238956444 0.8690816562725049 0.01373621580711
19.619153360366266 0.9887319669329586 0.12868402343373123
19.6708117905012 0.9282256781832781 0.10238414470918242
19.650824422497912 0.9719008027528311 0.10267917609552236
19.682822598896045 0.9401532172038097 0.029519346711195573
19.64210901959959 0.9010726419321184 0.011283922226925987
19.599921277000053 0.9359778198335424 0.012564784484177634
19.611129774736142 0.922554889162541 0.03585157930815218
19.636204540698216 0.9007462112610238 0.02683958390431898
19.58340362679351 0.9950222889071976 0.019415071109460252
19.580617229717205 0.9603265232017051 0.04140890253179679
19.582451804620696 0.9737095823743164 0.029279456375901045
19.653247363748253 0.8761777664817028 0.011338967351167973
19.530350099946926 0.9648541097097783 0.1356403102716703
19.609833562604166 0.9280473153762624 0.03152747250595794
19.654753056116867 0.9828763152942399 0.029865049480211976
19.586508646140587 0.9987358234455272 0.010824459724252864
19.634774411814874 0.9054088416490154 0.01977224752066627
19.577603159895656 0.9437217952132411 0.14526175485806445
19.65703962004196 0.9709064292061409 0.028522576184236426
19.653780216137537 0.9761520976381428 0.021559260268146967
19.59127673245729 0.9629567881793963 0.010111162759955645
19.66261661668569 0.949968213298622 0.019661309414564464
19.63444941913712 0.9093128529865361 0.010897218825878015
19.65260909349356 0.8748463145370113 0.02259052535475146
19.576447533805208 0.9991328193239922 0.040170854841453586
19.60944418594143 0.9198214768689983 0.04633592671602774
19.63001925825619 0.9105131060951637 0.020321087602405585
19.58834240708683 0.956260419002134 0.028121869398443532
19.624563817008838 0.9179047255139392 0.01688666288721651
19.589633625934912 0.9668986150354315 0.015698453281087356
19.615093430259684 0.9221959547186871 0.0320505463649998
19.675237454518957 0.9463793347904499 0.016728677081428493
19.656713855143824 0.9960994297900925 0.05928997462118593
19.588823425698205 0.9857252729763044 0.14140969936581893
19.649729887314567 0.9779733190569999 0.01548215594472723
19.62094654538557 0.9255173124848853 0.012895395020506763
19.643212416737466 0.9599095820542592 0.11142397855871872
19.661775619029285 0.9670641500085607 0.06538974658561751
19.624081777654517 0.8966959548129179 0.06062139676719684
19.633644943245823 0.8749227131391596 0.061794236210946506
19.602865261817016 0.9361624971280421 0.011135608859050022
19.661345739692717 0.8712961358423528 0.021304158705892442
19.634987996163055 0.9074749252249616 0.020442483171289622
19.67726863773878 0.9488660675116476 0.05038985067555585
19.607226260507904 0.9090565703206419 0.0657220115094759
19.651638246284634 0.968397126642992 0.016518154989547094
19.65965475230709 0.9468261694641368 0.013212917507923033
19.54305518198631 0.9966852343695488 0.1213157084909886
19.66623291925851 0.8710371859211608 0.012174371587679908
19.595143924106175 0.9565925310799637 0.010453222316799135
19.652598746648458 0.9612862022283357 0.013100352145556823
19.646936471656616 0.9807131692961365 0.014654061249198498
19.654448017812914 0.9872113686340676 0.04693048627234437
19.623227121038656 0.9187647150747296 0.024783573558296287
19.642596589058297 0.880145340440193 0.030965056450865027
19.592983482431098 0.9423659987668438 0.03500371319954218
19.644289505506357 0.9898375965920904 0.013227809333773788
19.586656122477603 0.9909388001945141 0.021861765069579712
19.665624896222127 0.9526743908254738 0.06740030406663959
19.600742266455644 0.9437323693238481 0.010446789639150212
19.581459776923985 0.9824687435059389 0.036926348893133114
19.69522703564099 0.9118399040471481 0.013303282555595455
19.65479440487103 0.9810701063580154 0.04860294361164729
19.598202300054652 0.9512483744087247 0.010151256155537596
19.567141951511122 0.9475329418733293 0.07689158995073692
19.692302013145426 0.9158112503185072 0.014065617305719844
19.661049634400836 0.9459070660073874 0.02299109320888784
19.685121676328066 0.93059114699879 0.031298237223446455
19.615701196383373 0.942510160591534 0.010241318233895423
19.649158580015442 0.9777935949813239 0.02544316820995577
19.68235689385719 0.928628216048312 0.011309966471074942
19.591977824151574 0.9716377926562618 0.015412064942765067
19.58165812923508 0.9638300056998298 0.1435193717689565
19.640951683923017 0.9905059069447886 0.010449145873957835
19.641023249013337 0.9031036155405228 0.025424185692271808
19.583655619046137 0.9555429203089838 0.046537577957055806
19.67269009685103 0.9543937811068317 0.045843652433175536
19.585066309095286 0.9809778588259739 0.031693874624376304
19.66364348583788 0.8721623953529941 0.018758047125248006
19.635688389701208 0.9084076571120991 0.024911478816564525
19.657757175192042 0.9663952479100331 0.05041275236593451
19.58373430165221 0.9991216152129256 0.03265806753201206
19.653933175374814 0.9495952401077119 0.012780721943465282
19.6513286113777 0.9830566747282651 0.04104276615839233
19.60141159124609 0.9301573013983488 0.03488882841033356
19.614534233211312 0.9090223090237466 0.05912478050791168
19.623519121191478 0.927712444115298 0.015463227791356279
19.626346283470273 0.9265833588334345 0.010600578937252827
19.64410734308761 0.9894710874683361 0.0211338404904002
19.59411814446885 0.9551899764229095 0.024301942914956146
19.660321810219187 0.8742500096461546 0.018056073411465194
19.588977122622488 0.9996791665561282 0.020605019398520157
19.644085663975115 0.9930339226065068 0.02325958448529244
19.674282258042012 0.9492100874060531 0.04679624543944675
19.586372022310357 0.9354005536571862 0.05956789750739528
19.650957517353895 0.956600284260125 0.018218011223658473
19.661881176433063 0.9362483017540786 0.019176497843903805
19.660813469739193 0.9545357325825743 0.04917160321140613
19.594828029216842 0.9751781923058356 0.011164093139355987
19.662346799848734 0.9494176375885013 0.0459167448937609
19.655214039947516 0.9500334789804784 0.022361198968099672
19.65232962590362 0.9910347611733443 0.0595242343798856
19.64260285005367 0.8858007300801367 0.018062468226816727
19.64714268470358 0.9549666945722253 0.01201543695690134
19.58030663816632 0.9924357194936149 0.044412035696604873
19.66102069637098 0.956888421977459 0.06641228604663969
19.655587373733745 0.8788373307938004 0.013559287556936606
19.646299057805486 0.906790134911629 0.01722294339421121
19.62497361900116 0.9338713188245407 0.011724306605801722
19.66284977971347 0.9511205793457852 0.059586167670238964
19.62258907336022 0.9316023984756562 0.01990553361142204
19.664732901292766 0.8688167982584902 0.036119682350172905
19.686102439059702 0.9259068595257121 0.034110572496666554
19.62664864496266 0.9805795511639048 0.11963099349004458
19.64701741157039 0.9649225005293272 0.022946918036820113
19.64076899645854 0.906207856598096 0.02782156644403541
19.65121020532685 0.9897954037369574 0.05687860205495572
19.645344053071963 0.9960336489992169 0.03689960696981589
19.651369740384066 0.9535268862819659 0.02212146420226425
19.692748506161763 0.9123258512977146 0.01807139852301324
19.602458080209068 0.9476491090734044 0.014677331764927432
19.589842035988656 0.9692459521141645 0.03221666495674017
19.63973540388337 0.9272589500025583 0.11669583063462441
19.655664646064608 0.9356768169851422 0.012562962094850487
19.65808973654878 0.8761037168925307 0.022096286498652914
19.6879581522767 0.9197319272619153 0.07398786583675573
19.604773110741423 0.9450664706610135 0.01159924206505214
19.545329806835113 0.9701198585214785 0.12682362900023947
19.634502043490528 0.9844429252980812 0.01382626121475487
19.635091509698107 0.923418413142665 0.010959329626387718
19.62948509953912 0.9884460364676673 0.01018720186435202
19.63977358782159 0.9144742354584579 0.01785806551428925
19.657099835546646 0.8727175542210805 0.037680895533733376
19.652793776893844 0.9803886374611036 0.06520555094725804
19.6461281719157 0.962182424609352 0.023005090386765452
19.589828654897794 0.9726452414522999 0.032522329109906115
19.620547183070894 0.9594442222444988 0.01043246499386384
19.630861876480683 0.9791241971800764 0.011322855173581113
19.639944451046564 0.999974426326028 0.029258024422158517
19.579092350197556 0.9394766225762313 0.0703704427330635
19.640788861463456 0.9674539204709471 0.01877751434835247
19.627119840619706 0.9841167238536067 0.011251230672425989
19.56648661560131 0.9670532941969852 0.13324389653888014
19.55848282289297 0.9569681828391845 0.1334868839050886
19.64958522967936 0.9557609512837024 0.026187086986960657
19.626476871463012 0.9960386443449754 0.012762231719740239
19.642709065044915 0.9143697160974216 0.016124412310296394
19.623203025244273 0.9610263078747951 0.010285694287688853
19.646188483645265 0.9142519770986328 0.013335063252101502
19.64374519057965 0.8839970130342447 0.028260312868322812
19.677902367381304 0.9292046154019802 0.013661697034350134
19.58880810539954 0.959401907583914 0.042927289712977754
19.648563782021387 0.9380406428070244 0.010483686959841343
19.683200672643068 0.9233276249936999 0.018659124931483743
19.630675649273094 0.9890305979357867 0.017357279528232468
19.628763569979366 0.9453434314080729 0.12070547841475084
19.624886592383675 0.9756169529942726 0.012600192416097705
19.648083337245343 0.979755595889629 0.04758475551547381
19.64539124372026 0.9554880212259027 0.020657749143767303
19.679607574972714 0.9328662697373842 0.03466512557191612
19.632031982140667 0.9738124712127313 0.014988185735966416
19.582242143375268 0.9692742115571598 0.05090347301033022
19.649516992612277 0.9527325404597039 0.026057104394739905
19.680276001270748 0.9333146849364914 0.04292324262525405
19.64402576401516 0.9146457405996082 0.017001768098520633
19.632819473714026 0.9269563382295201 0.016908997596355054
19.693035432447292 0.9099505471169347 0.07384053353260792
19.608069946385935 0.9351138550063116 0.022609825983565607
19.61408013601824 0.9374571455229141 0.03671394184055199
19.620331713131264 0.9550963697740017 0.017231571197881216
19.643517675970426 0.9574824829725922 0.020484359146367415
19.639054505586497 0.9820356477669079 0.028346070578141296
19.599660982775795 0.9762834184472997 0.010109937274151121
19.6614655190777 0.8777342285671828 0.013512761733640308
19.638277934718438 0.9537328871144928 0.012439255697120158
19.63405245501547 0.9775078052970482 0.020066202340167844
19.6420142893693 0.9936835544441656 0.03867415986361325
19.631904839533924 0.974470837917654 0.01714972492557129
19.60254947580238 0.9605371948427267 0.010974424105526672
19.597103915815396 0.955252960376072 0.029778961807315964
19.638877793962564 0.9674750775061778 0.022039175344498587
19.645145940850632 0.9906390712263765 0.046996392409897565
19.602511005957005 0.9294192588260723 0.04388865164251301
19.59885321420245 0.985230979757718 0.011706772583951764
19.575159715909205 0.9409930543066558 0.07598531458332845
19.645409252459217 0.8880054345812032 0.011318547696824924
19.62709355354523 0.9956996968773637 0.01968010353632112
19.636285057364155 0.9291120180628409 0.013762066374532929
19.617957260020518 0.8899583366247443 0.08803284690008
19.61661840525232 0.9436169264786581 0.030163298520989756
19.688785105456894 0.9199082226562038 0.043091391912221826
19.640252101410095 0.9479922957660909 0.013460069749547072
19.632261953645813 0.9821525707102863 0.02206953283543176
19.648809036373624 0.9965784891600978 0.06516479387943198
19.597029479704247 0.965282344036579 0.025000669653747337
19.647776831756637 0.9113141219010708 0.021011116555840356
19.626229612989412 0.9639301223097413 0.015887681695376327
19.62724452739882 0.9132841718598417 0.0446454976719779
19.632633621851234 0.9564428388766677 0.015112166213730141
19.647172925708745 0.9110339536071661 0.0229636345310216
19.631712056097992 0.9123578385026907 0.04014239342276731
19.637510958930733 0.9594095163924148 0.019352527040150586
19.622466362575835 0.9359532208660026 0.028302439919964523
19.643264179710574 0.964423675674093 0.030444357714974765
19.659501917719194 0.9433130766875337 0.04502066252607057
19.600698672483947 0.9657545554895679 0.01686601425743292
19.653704386648545 0.9264955107321907 0.01648599868635263
19.595467405301772 0.9826226382186696 0.023791177431817984
19.634043403156205 0.9582991736385346 0.018031726097822325
19.590004438413683 0.9643451744611902 0.042122425166851524
19.59655783820843 0.9790766254177034 0.022956217893148688
19.611175442748632 0.9401825734805016 0.011665152354089563
19.600761943817012 0.979455612588426 0.012336392737877492
19.652181001114425 0.9282321591284375 0.017737273300651484
19.648453404791713 0.9998569378438724 0.0707885895101591
19.630361084807394 0.9631029324305309 0.01948951942467731
19.628136197500208 0.9694708756908169 0.02079614658578811
19.630597185565705 0.9490081143284701 0.017257385078953115
19.609226436479826 0.9436354758302825 0.014344101299939706
19.64423387947682 0.9984238214901927 0.05215166216747332
19.62462741808551 0.9407781521168684 0.02478930466295673
19.624387021598885 0.9134101823076415 0.05019151448845932
19.611826611650784 0.9397576529062824 0.01215250503418386
19.627312495417524 0.9734168216721014 0.022399633296485068
19.58773566600674 0.9793386957513823 0.13985646400908086
19.658593088748574 0.9418238659988158 0.04357094890765632
19.602355159759043 0.973995459291373 0.01216911994303714
19.638025495898532 0.9517694595220434 0.02000508447848053
19.63805180095597 0.9316959168634797 0.017546150865890463
19.56089841383755 0.9584530145310988 0.13081279870850632
19.641296317667592 0.9525147527176547 0.023476833321559615
19.63115981861789 0.982566547043226 0.02758103886864026
19.62151353259912 0.9637904160022523 0.02438624309282347
19.64532180115329 0.8897016576265986 0.011214152386146248
19.60288069455462 0.9647758589509892 0.01632836525199111
19.647490980556466 0.9499888198552835 0.030750644361831347
19.60140193997577 0.9726086445586282 0.01695609867327803
19.652898762926448 0.9244544397429568 0.020705270058307905
19.64291756273266 0.955063883612012 0.02885859479647097
19.60186920664747 0.9848918879264115 0.012888094862415203
19.69250583490771 0.9101422910691248 0.030167039150515995
19.660873213499297 0.9352321243207311 0.04267079019181896
19.651076986810878 0.9383630432580383 0.02746201452039535
19.639081001996818 0.9119314055263801 0.03558353983093093
19.62946790262537 0.8973869739222181 0.06683981167928564
19.586030134087405 0.968173329749343 0.0502566447889585
19.590222270853708 0.9344875441469551 0.06292307492341925
19.559577843264606 0.9569883427450044 0.12773128966224037
19.636873011241445 0.9987226980447541 0.10732844711523154
19.63562923962545 0.963720530050542 0.027578320495538766
19.642624675459214 0.9650407396336615 0.03721822594008713
19.64940498427439 0.8869941988633478 0.013299537123920494
19.624081329542474 0.9320993083976684 0.12317032060150361
19.64908514287867 0.8697321144689173 0.06581700439134353
19.583404451304894 0.9784134373961263 0.05199071222510001
19.58184170297652 0.9335056062925771 0.07495369675010922
19.592880818721564 0.9449723678001423 0.05147427218105345
19.642812485224304 0.876760953443988 0.056837165635311895
19.6400408137482 0.9432568554184568 0.022354413469817917
19.643456452605562 0.9460897206514479 0.026096786328790093
19.629824881510398 0.9623983213354936 0.025724882765258656
19.606137511605343 0.931581881494037 0.04049964522921646
19.573561030561898 0.9762408532427125 0.06739340611480718
19.643397747709386 0.939557961982082 0.024142948766798945
19.672507520258424 0.932728883530571 0.018813023132709956
19.661404050763863 0.937423579315239 0.05220957413385102
19.62401377513809 0.9063390898929977 0.06205199441585582
19.6422953672457 0.9475662074427899 0.028572776374864654
19.63364911049987 0.9320553355675023 0.0271639802376519
19.640916465324214 0.8940610342686386 0.01265662944437938
19.602882004766894 0.9356377773474536 0.04336932619056797
19.587733049200864 0.967199610674831 0.049852305813828796
19.640918618390387 0.8898727309300408 0.026874424763259498
19.68508833344937 0.9156649262351657 0.021949000478803677
19.641661550299865 0.9028769616196386 0.047608050197808637
19.645262215819756 0.9271327903864828 0.02458485457951046
19.60552771704484 0.9926596526330824 0.010399949893052938
19.639560537101122 0.967512264785903 0.03877379012036257
19.600886345873658 0.9900726825837989 0.02067416706352862
19.607554839257602 0.9568736109525326 0.016593134746615095
19.606098819038085 0.960528127320883 0.018059197861272965
19.657295466816063 0.9488738320567058 0.06514374068857529
19.657285537810715 0.883019976702236 0.014714928982601932
19.60033605755971 0.9384124073667628 0.046062981507573646
19.593535049527055 0.9679970353529794 0.040614336859668775
19.64028483903428 0.9433078191818913 0.027541578046505314
19.606447049912603 0.9735158182423327 0.012983635720921505
19.63970061764914 0.9307803730415176 0.02644729361956812
19.63180397699878 0.8872743065410493 0.11315312605031658
19.64174393226614 0.9551079608032723 0.03541575037008111
19.663729788026192 0.8782907589909463 0.02055537528887184
19.6058077530256 0.9617833233817258 0.019873531390705294
19.63656022489574 0.9561139681892209 0.03195592691321686
19.652552755137854 0.956353964953182 0.060958817424042674
19.60602160390953 0.9759645647247807 0.015249767139698365
19.642116296019616 0.9215173671603123 0.030644749262676938
19.64843184916859 0.9244310928387205 0.028357523390235975
19.629880328573396 0.9670598983297751 0.03364105898084889
19.635659641796302 0.9061456453459831 0.05167755803170989
19.607370852472258 0.950505533057279 0.024683682336318232
19.62972077245039 0.9913838581365326 0.03931697121475007
19.630096249271944 0.9771537241365422 0.03705283046290938
19.62890579174094 0.9690224171961663 0.03457320633110093
19.681351305058815 0.9218699619895946 0.031126486126541144
19.592046511034972 0.9364213069942439 0.06207591348782707
19.66079984574442 0.8801512998785468 0.021615817716000074
19.636120465958754 0.9346212865849315 0.1152388475715482
19.55548628837285 0.9854394374398937 0.13098313583526547
19.63418539669669 0.9076835503170638 0.05214069735936793
19.626015798387666 0.9341539698108163 0.03796717099654609
19.59852758262811 0.9929277614855995 0.02973423581652168
19.602296576306664 0.9452072578844419 0.03994661092224522
19.604350976032634 0.9816421995991296 0.020294369956689318
19.611935487969962 0.9425038130609159 0.023236707541391947
19.617751954041196 0.9462165272474656 0.04144387583639376
19.59793270438927 0.9466062254843637 0.04672574596736758
19.664223044146954 0.8777819385911245 0.024795617372017836
19.650047856170076 0.8689884560646973 0.07061616729282247
19.562347580244772 0.9248121165010915 0.14322762626341118
19.68204622248598 0.9239668123713562 0.059788068226641844
19.627358462386727 0.9760557339724223 0.03855274577646355
19.610496902085455 0.9470398464843682 0.02402976515843718
19.605493919081553 0.964469548163114 0.024417699197740343
19.646151851157637 0.8750676558837922 0.11422481564260178
19.647363344883594 0.9394553626354076 0.03713098297820119
19.6333152371648 0.9992674025459416 0.047152712802103994
19.63650221971534 0.934702592087074 0.03263351813078052
19.616065534354508 0.9488574759625557 0.010807363161257045
19.62422113743174 0.8701689336764813 0.10727089416819162
19.66707068136204 0.9336615495868822 0.014212875203368409
19.566242453777654 0.9711795515422368 0.12654436084845683
19.569489537436603 0.9733589161595111 0.1200134533895573
19.634030928783854 0.90708451511019 0.05481026998766617
19.63668049178542 0.9468685557797021 0.03498882095272811
19.64072574607228 0.8838128972586956 0.048208953824912124
19.603720736984695 0.9930108925627172 0.023801925711865825
19.605001720446204 0.976123202046867 0.023823456009035796
19.639103068661072 0.9648995128089168 0.046111780636635125
19.612299015157713 0.9783771142497782 0.011395990445082138
19.685732049585305 0.9155216323236041 0.03788139766015519
19.67483835633883 0.9201841645269611 0.01101085982661243
19.685250010187733 0.9057220720697265 0.011277934565508397
19.616647035853266 0.9562666348432757 0.010435501314105556
19.625102767894226 0.946879588856594 0.12002129772202588
19.627461168899895 0.9628574601096885 0.03980934746398826
19.644334507374275 0.9180784466529237 0.03867722835784635
19.60438893285129 0.9567265211479629 0.033788568800979794
19.614441698030774 0.9524550850293441 0.017613642213931063
19.678548909055454 0.9267748574179845 0.06767722833934597
19.59090664175571 0.9375503673005661 0.06558815129719085
19.609234032229672 0.9568816223337352 0.025237851202861417
19.614129764358115 0.9278627326687506 0.12629798564845265
19.61049489705945 0.994359771247041 0.01704882707880723
19.60322866957293 0.9734179553123066 0.030501796519579762
19.601869446979197 0.9906619719579601 0.03036694196208172
19.647303140182974 0.9248831388813179 0.037064687880306355
19.617018939232114 0.9552816500735983 0.012450838344822822
19.644003255391006 0.9302969371194167 0.03693492539149615
19.584060091116296 0.9973850709885719 0.05678251833898684
19.676878331506945 0.9083305229876159 0.09512634439036084
19.616052517865086 0.9846237590569942 0.010888684284725383
19.66928816930721 0.9322706487600467 0.023919551870738465
19.617090300905318 0.9588381198974623 0.01147876145750867
19.60927764408853 0.983610181391238 0.019851179668867167
19.61241398618531 0.9912622764636683 0.015454946459021145
19.63691340109818 0.9407263673722708 0.03792181348066935
19.662674795718324 0.8755590071473519 0.03867322148870675
19.59591193501696 0.9247118964882046 0.06913299275897435
19.662213649464324 0.8743808883593556 0.04274855635592779
19.615551182902806 0.9700614388185369 0.012668271739670434
19.637806250547513 0.9305203775720293 0.03820763499201502
19.616529460806877 0.9660919223310445 0.011856525022062562
19.60916872605717 0.9087169135980274 0.08048080004503469
19.669593703681546 0.9287326130870028 0.018071991201465496
19.677110157187887 0.8796138572709207 0.010991874071979577
19.635524152854053 0.9514488661378038 0.041142487470519726
19.648589824680567 0.9633033751276137 0.0807493487284594
19.631763777181373 0.9504637419201325 0.04034886118454953
19.641983063599174 0.9950818639737484 0.07401933363453873
19.63926562051246 0.9621409153778977 0.049713247279018165
19.666547524069053 0.8795412397973037 0.022205543834859967
19.61804324090938 0.9772529986377254 0.1246121340581015
19.621525069536165 0.9626097643684445 0.04366610040358963
19.635546705613024 0.9964894077128319 0.057420520609538325
19.62433989117598 0.9931240997709787 0.011264011189243266
19.60721737875134 0.9439640388882153 0.038803004292399204
19.610012403150403 0.901918258597552 0.1239045555366481
19.638145005382135 0.9252502247459752 0.04115532768566033
19.634219708223355 0.883817411354311 0.06056595752948722
19.592998890346347 0.9049297195934287 0.13249114801624323
19.682042804683228 0.9161089093793825 0.031055081873659303
19.62012111088015 0.9671443350356057 0.01070014063316069
19.609041307993017 0.9777681628721564 0.024136080462777026
19.61110138630873 0.9604754623370091 0.024550562263571246
19.647588142124697 0.9443168011140279 0.050011005183133936
19.600340290996154 0.9755468447704777 0.037649862328331285
19.64803206365609 0.9204071348004597 0.0408372587588601
19.648501894201583 0.9385143380234227 0.046788186119696505
19.632544256767776 0.9412727034017567 0.04117505262574417
19.608457379635098 0.9378098155620991 0.042322588219788126
19.691674233639677 0.902979972319047 0.07257121276906472
19.619330885236707 0.9662320138566376 0.012989530904199409
19.62217562652831 0.9920453466233092 0.013814571644007383
19.65081878159016 0.8913425561851224 0.015870322500831396
19.622994775644074 0.9899533246674335 0.014156771027722299
19.632447658182052 0.9633523787616646 0.046924752369772595
19.611238668832268 0.9768057591916979 0.022782591127511367
19.616364996993873 0.9770403515249044 0.016958896055051347
19.611840891243403 0.9898127703837257 0.021648757210419308
19.620465574049668 0.9752853395832071 0.013752388623374717
19.649083607572862 0.9099513524594924 0.10760092742582651
19.617142396788168 0.9591420743941016 0.017768094168609746
19.615995673628984 0.9772347932250742 0.01786751155001767
19.611387915260476 0.9976281045201913 0.022814271434793282
19.615799725105752 0.9454317230190525 0.025999339379318573
19.635914367312377 0.9714869580002605 0.05416251837410635
19.634633324160276 0.9980441920496553 0.05949047679053633
19.64743271108904 0.9180777485068501 0.04322280066689511
19.64553376204882 0.9377562095620373 0.045487454318971034
19.677876487545422 0.9229239880517612 0.03944020260999409
19.68297478032507 0.9184424868408994 0.054892959663572605
19.60893787334964 0.9674184698884014 0.02852467692122819
19.60235338721127 0.9439466536135991 0.04866032500189855
19.63628923771318 0.9998359716004568 0.06297628812940333
19.65810530741678 0.8838900251231314 0.02585314480538107
19.61627331223024 0.9778522253737421 0.018792922033748154
19.606749069992766 0.9851256898143127 0.0295638788855371
19.648650510389878 0.9571029540711428 0.08599469882409415
19.616913558710444 0.9524096809371807 0.021687435947758106
19.62611915296886 0.9663163977383349 0.047088729716835406
19.612167376641487 0.9501171214144053 0.03012811398035566
19.639129037185217 0.9450910992233952 0.04551267775132744
19.602211808926402 0.9544115952809549 0.043772013792930754
19.58961496268719 0.9763740728854051 0.05487306790353576
19.621164937144066 0.9660577409520092 0.015622245319299127
19.625375762921998 0.9852418393941608 0.050969023662545104
19.616652972994803 0.9558644272387962 0.021933611940975775
19.665818743465003 0.9284401063334566 0.01452556729519642
19.658933811298812 0.8894769100384334 0.01054228280744898
19.608262565657274 0.9875640950617 0.028827747573534644
19.632866837345343 0.9749170298799121 0.10883750979865818
19.642668627264477 0.8942314628794719 0.026918638016409403
19.58761763513343 0.9671099003637644 0.05991324550295254
19.643191453510084 0.9147020377023093 0.047645208850187436
19.64986081921181 0.888071349147179 0.029625268276262568
19.615627856479737 0.9921423208973343 0.021996623677383566
19.621914966829994 0.9810482018584346 0.018168404977699237
19.60628947836854 0.926675127674216 0.05708267706619579
19.610509080194653 0.9722869656400135 0.02817743239465173
19.60143039285377 0.9566502394059344 0.04524920947297642
19.566371120128206 0.9151198281692206 0.10942527442851706
19.65935102988637 0.8707353961849666 0.06092769685144102
19.664464074501964 0.8805340659001364 0.028066494508928553
19.57483813043569 0.9878548277105355 0.07239725305436119
19.62802016306217 0.9793274356620194 0.05287838996225325
19.609981941365422 0.9676472844846408 0.03024148482702104
19.61514656257199 0.9866120461185781 0.02366851273302592
19.61638620383661 0.960945967516486 0.02362581560465315
19.651254277170217 0.9258676938078485 0.047813616709202485
19.672262640824496 0.9330383680721185 0.05822858182977092
19.61523787681851 0.8916066760424158 0.1145417886053577
19.62095434544222 0.980348675397793 0.02084152646053261
19.63787985128397 0.9741071032262233 0.06311136607472459
19.650037196042945 0.9391319006112353 0.05638348899681056
19.634001946783744 0.9077794120185297 0.06165296090566993
19.646572490385523 0.8842977178040851 0.045915543797940196
19.647433095319787 0.9539941566284744 0.08989413700559305
19.636210867117732 0.885866233232438 0.0573054810425212
19.667653807858567 0.8781193312455476 0.03248974530172662
19.64226530875548 0.9732415752036501 0.07669873853511923
19.60677109673092 0.9281822337314717 0.05669584884024064
19.606521746512875 0.9333765434668286 0.05306922815223434
19.627739565007495 0.8872118946081626 0.10396636559855506
19.651852815508512 0.8826779954591768 0.04243278617744915
19.62263164301166 0.9789649195350534 0.023095618760643574
19.602177891926694 0.9658146144130256 0.043732311544241044
19.666176189316708 0.928968612003352 0.02271004067193482
19.58738507774535 0.9670991760195291 0.062395803738845936
19.63824348342277 0.9918326983241849 0.07477715848251407
19.59338616006667 0.9626640006901176 0.05620778438181492
19.67396092897213 0.885665346535157 0.011201820363705093
19.616252711764066 0.9610944408743689 0.027517297364049037
19.664719690966496 0.8745245549046557 0.04646772917171962
19.643071208028815 0.9641676622191943 0.07170347590437061
19.627967206961124 0.9645754212910642 0.1138958005064
19.644452751183042 0.8986883900854418 0.01841834289374667
19.622359879726353 0.9734195157870686 0.024123150056501404
19.61159419458943 0.9875968343052673 0.031579969886363565
19.676082629239932 0.8790811036797952 0.024102933669175687
19.647800762745632 0.9278426918233278 0.050511268351487136
19.622042333432137 0.9495497822544635 0.052333247523836994
19.64637496263223 0.8987003613669308 0.01535386976515346
19.608192061418972 0.9430074814260956 0.045882640626794036
19.647420435628348 0.8668325524667116 0.09535212468165688
19.661674802684374 0.9317879818920864 0.018830848552776877
19.580187054524405 0.9265901254859524 0.08921991062309231
19.630833703274003 0.9072534827245342 0.1164135022702447
19.661717676145205 0.8910154920532951 0.011218210738268586
19.646807216308627 0.9550045448673399 0.07528302116443332
19.67299000054429 0.9263782774561138 0.04305191667283448
19.59718763700058 0.905661796769313 0.1261766427444979
19.667691246349808 0.8789696493306645 0.03301719395252211
19.643513012492843 0.9283118643679025 0.05013973282505327
19.64999988954203 0.8673033690441055 0.0872857599187118
19.63996260463997 0.9699615434993905 0.09584076066907611
19.613533260870113 0.9831075466882585 0.03188820782941868
19.65722844380133 0.9317893897132103 0.07810312292497236
19.61913464735622 0.9605302649765524 0.02778909776469044
19.6846954625539 0.9061120279652608 0.030914847180900477
19.637158829085685 0.8862909583154677 0.05716258920274548
19.66611766207246 0.9398888467237791 0.05748033261235192
19.588236847389695 0.9395717552144006 0.073270717080987
19.661545134279542 0.8814495227168053 0.034785653819860825
19.67800073641412 0.9000766362993033 0.010321884592528927
19.6701217553912 0.9135483668205502 0.0108347974724729
19.658687300940255 0.8689113604451426 0.0709340253186675
19.65538485499492 0.9249925569707951 0.058932597091655534
19.619560966225983 0.8912819878374725 0.11120572765029872
19.602877715997526 0.9411329995202364 0.05552830469278804
19.638621610346284 0.8892682166210135 0.0502097189283887
19.679040121639904 0.9097270814535958 0.024791679442525666
19.64607520764139 0.9031005790513682 0.010710710991387394
19.65878303134232 0.92057973644676 0.10500611254062137
19.650100994650742 0.8888530619208169 0.034638341136969446
19.632221889678 0.9298331648852913 0.05358493739224007
19.67413614253508 0.8892702640948003 0.10035229574648824
19.618223834183794 0.9509320598873994 0.056815014979039555
19.668099012511206 0.8856195821420241 0.02025594056233341
19.66778953804433 0.8850469648509041 0.021746216381449624
19.644552937785285 0.8992716689538536 0.022048897897563244
19.63086332037341 0.9626486082631005 0.11062309816651508
19.651208942792884 0.8977428854823352 0.014954458194938833
19.64432079755956 0.9478029351607637 0.06439161010021055
19.677964530619114 0.8818514011967964 0.022581355126400037
19.638912217811217 0.9546436078748675 0.06195622398677389
19.668579936527607 0.9319445721409876 0.048713398454777936
19.600355659108384 0.9598454782378227 0.05245535468369835
19.63818303722428 0.9832022189050076 0.08543423354412844
19.60085896593604 0.9459975483135639 0.057028836307399335
19.60192369623436 0.9513127656399422 0.13203553746383337
19.609239074270842 0.8942199435501714 0.11174407304440756
19.65761487034587 0.8812014414918617 0.04331543444853321
19.691056242666935 0.899959916251571 0.04667620951961169
19.659605000431004 0.8949940700104257 0.0122443618205632
19.674992814039534 0.8791744306478371 0.09916523264783748
19.65176085467639 0.8924577899128694 0.026726675590929307
19.65124951448718 0.8844448031655062 0.04447618900242763
19.653223156466506 0.8944738282303283 0.020643686366411666
19.663532661274736 0.9176737100697663 0.010215883977338443
19.673455855614797 0.8848588634552506 0.02065390125250657
19.670711491885704 0.9130941875417602 0.016721075053394582
19.62375839588674 0.9416989211667595 0.057120233022828065
19.683412728888243 0.8877572558866307 0.019271535690125918
19.60073018673865 0.9825413934287408 0.04920568107333364
19.65217764009669 0.868092135878158 0.08506786902270193
19.645083887953064 0.9032004577651057 0.06474067326271048
19.619902117013645 0.9664184645420584 0.0336832740726178
19.626493689147527 0.8976239688884026 0.11435091443129011
19.57390185674062 0.956689125711325 0.08338244751199572
19.62047645526636 0.9843645721907269 0.03542445889530753
19.68311299436082 0.9030518037974535 0.028689759851994876
19.649341864138705 0.937857750282042 0.06741677647364781
19.62484884071901 0.9540684517548632 0.05761465458311279
19.652712117387075 0.9265584079632104 0.06264592593099222
19.62607538365705 0.9860188148349531 0.06398604609296837
19.63242383779498 0.9567990166905205 0.0602383343689795
19.5985821420784 0.98246236208264 0.05235095128372612
19.594313744214276 0.9086219114563379 0.09152427465075795
19.67187043400205 0.8929925223492421 0.013205545458190122
19.633865284602805 0.90336073532914 0.07256250128585699
19.62877519510735 0.998876887968475 0.10730332471599419
19.670304027183597 0.9120216307885921 0.01721264645035154
19.609603215947324 0.9256955347896993 0.0746152299761228
19.672642360935406 0.8932644919848889 0.013715776780531857
19.618371596345124 0.9598394372681001 0.03666940323859215
19.666030435851134 0.9354585937969602 0.05583009254419424
19.669156767233762 0.8902549414095084 0.017295912844808813
19.680759566941617 0.9142275622999412 0.05714472981463722
19.657897065506795 0.8847551209730347 0.03797473149956582
19.6191780373987 0.9394935290253972 0.06230112247204965
19.582057797252276 0.9590547806409496 0.07537570426214987
19.671027712263022 0.9079118920166006 0.09642794364964223
19.642078086471862 0.9258881601419091 0.05802251202201819
19.63605002527701 0.9806143495437892 0.0932416321834981
19.616094980173276 0.9553107419403084 0.040624859936616256
19.64445012861128 0.9524325907933767 0.08526481445586463
19.68089037620675 0.8994320128580735 0.024201794374731245
19.680524351457283 0.9134783670909705 0.05510139810938646
19.680890981964012 0.8901985438648679 0.021409284083176564
19.62100539756614 0.9116445304011802 0.07608062225576594
19.66538358584987 0.8964859344856401 0.013778951669921982
19.67040959357704 0.9263121059483218 0.05030673485106785
19.674210907325083 0.904665457170893 0.019200943284008426
19.689486373287018 0.9003789078218287 0.06238249789165775
19.597855661275748 0.9989063314856406 0.05469112084174443
19.633190683145965 0.9753520126574057 0.10212016316353774
19.65621021362277 0.92435328522752 0.07510717137792346
19.636836603223802 0.975029128598421 0.08198537513282345
19.67304892542433 0.8894344602266646 0.020377360597304814
19.67725710787132 0.9172910380077495 0.07184530330313907
19.595579740497392 0.9826047466088892 0.057817979512222034
19.62125818059007 0.9029452912355096 0.11731810515787712
19.650303187857304 0.906332043465957 0.012389983446741904
19.646202580830153 0.9268658698772727 0.06109539512077113
19.661956926986026 0.9189094366594344 0.01707219952655503
19.674811827404902 0.910758923716434 0.02879907708977989
19.652418511494687 0.9066612934062623 0.011372459094605155
19.67579822691056 0.8861801697334222 0.024597049282741864
19.64399808372687 0.9099788550755368 0.06403054368081086
19.67007788249413 0.916402994996046 0.02843803639543174
19.644130849783927 0.9258464264928328 0.06081009110566674
19.666383131866237 0.9266211897345459 0.03961362120786272
19.672793276460993 0.884688092387897 0.028422778063327363
19.66813290782968 0.894234140015826 0.018226150827754785
19.67585042131338 0.895973330420174 0.020214451174660534
19.587588033271434 0.9369699609037028 0.07964569083497303
19.60587148509646 0.9276059656992621 0.06596521042461369
19.619985690275943 0.9748007786317933 0.04193301031351303
19.623502028484026 0.9896068687624021 0.1173396249703435
19.664642031466002 0.9252269690432691 0.09275617417855811
19.60129194503839 0.9657695367723812 0.05576210238779709
19.664042813973484 0.9263756518001035 0.03461105561741927
19.660737756606462 0.9257457878432145 0.026733708505227126
19.60621303420372 0.9507315132311331 0.054527219303916706
19.65183140931828 0.9097986862199017 0.012360359191389983
19.607741945506888 0.9447881563606985 0.05510663015474366
19.631946768322056 0.9530327703460575 0.10890412879242815
19.591976133641893 0.9145409764418183 0.0904634127658318
19.66344760180406 0.9114787368429529 0.01611341065435774
19.67065215269445 0.9252874815401286 0.05562357325928374
19.617626223987713 0.9822106126139936 0.04420255732059958
19.638279142161753 0.9010050338023049 0.07603755460698156
19.642522382535823 0.9473717540935991 0.0741637241050319
19.649927090966624 0.894990680944192 0.03302613293299343
19.618936250769895 0.8989117490713749 0.11512523804542174
19.592813872119155 0.9131360035605504 0.09105438354441545
19.66193237441128 0.9016070002429006 0.015793420270708056
19.64283740049896 0.9417194934110391 0.09803005287352697
19.624585468812082 0.8754581811196351 0.10813718408695445
19.612504575641093 0.9069532462061654 0.08931244276183323
19.665145909027125 0.9001248061043593 0.017340837229165237
19.68610119569326 0.8970358590005278 0.03883629051171749
19.606153892447836 0.9985910283306656 0.051089919450897345
19.63650845555293 0.9103733799363284 0.06928912874539483
19.62553061441734 0.9386126172211755 0.06382795751009547
19.652046281408126 0.8961722579640663 0.02978612327501314
19.667631336450956 0.9013477968783341 0.01856247450465002
19.633216890809525 0.8851140358056636 0.07100976633789788
19.672335575643572 0.8913864428795375 0.024197132731922106
19.636436031772913 0.9612195944490329 0.0981362798869301
19.667904303861473 0.8888174693522732 0.028237350801220425
19.671438787108364 0.918426860157189 0.08466271817492287
19.619032598490833 0.9604166215373906 0.04447811768090122
19.664518734427407 0.9066658256682497 0.01819614269268542
19.597936001170208 0.982572228867581 0.05906643518963609
19.675221287707274 0.9056805938340386 0.09006680281843037
19.610039926935546 0.98245669568694 0.04992885218692854
19.612792170098267 0.9604426768462541 0.04888250162796813
19.66952909232655 0.9137583462275733 0.030341765460580778
19.653482731764466 0.910473133945785 0.01631020465418603
19.642434181881658 0.8719327051058366 0.09182601831966153
19.656889865554795 0.8967202891696318 0.026137157953542177
19.658574385009953 0.9049822862201526 0.018347949627364298
19.58421090688541 0.9188791538960085 0.09555327626307898
19.659050907885913 0.9256998805017429 0.029738336040472175
19.674630595653724 0.8826431546252276 0.03633280030596804
19.649466986670788 0.8699832427522058 0.09531891646085706
19.626845276520964 0.9835318161750339 0.0745412675769309
19.644304889974578 0.9160538110527602 0.06649917614208702
19.660166317887597 0.9088367088961465 0.01863783072140707
19.653770954179002 0.9151628916466945 0.017514043593993327
19.632941186313726 0.9386067935744039 0.06517403846827775
19.635225739066783 0.9102892932969946 0.0719382300765152
19.61836450394274 0.9271957956270338 0.07220208356187363
19.618120369290338 0.9072433616914009 0.11819245564953276
19.688496639315403 0.8951301977020139 0.07056539623725898
19.6116151651608 0.9996818980744759 0.05122394118845604
19.586073048510695 0.9964232490007278 0.07072205184208756
19.629803513306683 0.9702122587809813 0.07480315137417237
19.662105861522544 0.9147864865800273 0.024279531991187122
19.63291113293641 0.9677067937743615 0.07820618667237494
19.614128123060222 0.9472986238946637 0.12516011439020627
19.64646970950594 0.9351810260117092 0.09035544814570991
19.654925730242923 0.8845390814668408 0.04990674999151346
19.6172990172583 0.9434881546950367 0.06903817131099849
19.598177209278425 0.9579537237828273 0.0641529616635204
19.630979522129056 0.8971830396453245 0.10804738258732174
19.63007261430083 0.9818326213493509 0.08073727705655287
19.598263323966943 0.9991037987931394 0.060560204749596336
19.67620668912488 0.9144856143236739 0.05854302286971931
19.61315532043136 0.9536363486486767 0.05219116159687124
19.663944297956018 0.933811606800741 0.06847449076357927
19.61417240135094 0.968622946347631 0.05088426558189377
19.61788960186626 0.9029347389012023 0.11604732940363005
19.622999466885183 0.8955729071837607 0.10277595722732911
19.598461281830772 0.9112312025133971 0.08931713772056252
19.66586748400542 0.8690867863375378 0.09072518882014562
19.666315724079624 0.898217753191492 0.02542700141301417
19.59999426118666 0.9523152094087561 0.06460651974911345
19.673257864845137 0.9090139549006272 0.03676144987600965
19.67002553723101 0.922483817933674 0.05831240739972133
19.609979623124 0.945262568814706 0.1270467635371444
19.675318287902464 0.8853056173264742 0.036131474768399584
19.68310216178545 0.8948175406482088 0.039005209083623774
19.60929642294968 0.9212785804665633 0.12346396854134449
19.595914410307238 0.9298420139996717 0.07845899779691565
19.65787783490573 0.9228526645457515 0.029959937069671143
19.591712542436845 0.9501646484260706 0.07339330397620143
19.666907730619794 0.8806626111923701 0.047777605739665246
19.68215537069452 0.8881774757148894 0.036551951755600505
19.6405722251841 0.9491436265901746 0.08691702897649313
19.610460794838083 0.9787090730113613 0.12505898062681625
19.649333554054763 0.8996133650460759 0.03388516039421338
19.635666483333647 0.8967040333552885 0.0892905914218951
19.636081983591836 0.9316187502137684 0.06816732173750123
19.628121991782585 0.9378757560506434 0.06805840933651051
19.663105787627163 0.8957237829192082 0.028869136735874292
19.66378742273618 0.9300271868612267 0.05590839370279574
19.648410141152507 0.889496900752287 0.050250710052189645
19.609702596609655 0.8995781824404652 0.10807291435810015
19.63026059044121 0.9872302335243618 0.09110143588598257
19.665594411848105 0.9260564254285949 0.05334436917787205
19.67762068899627 0.9109167187058707 0.05982090223815499
19.628398661136327 0.8999856917883071 0.10984279282888873
19.63881593012121 0.9393842342778196 0.07301965060156769
19.606404044343247 0.9466155317031846 0.06165950182697159
19.666176122441588 0.9020025401449009 0.027273878063766795
19.65328994446284 0.8925441517146752 0.04106431620609383
19.647004334276975 0.8718463295845224 0.09828491753469949
19.67104735214414 0.89765909654301 0.029988969722223816
19.603970104410987 0.9443204254470745 0.06483689855941427
19.655907417212262 0.9114569434016384 0.024935902751608556
19.633683272567243 0.9545312779320914 0.07655760907478114
19.60341684471387 0.9543331339152838 0.06265595441824648
19.642466151900617 0.918794556528121 0.07101011124007274
19.603185626801192 0.9494953690689786 0.06412182140203092
19.665850082494877 0.913668080717507 0.03425203969673231
19.62339808973715 0.940130051788684 0.07012260311014826
19.675762413894077 0.8889297321091942 0.035882064613132834
19.63793222131219 0.8768151585268704 0.08634216281501464
19.650311566451833 0.8787896778034527 0.06875294419888954
19.609736912901415 0.9588344131470381 0.05713773215013416
19.659245450183775 0.8850855141987048 0.04836977842487201
19.62575953893068 0.9677412731333439 0.07555525378742703
19.6695438464032 0.8991401735676294 0.03050605597621447
19.652812065735006 0.8741276240688206 0.10247088448707749
19.669789792542154 0.8934414365292953 0.09838465248550866
19.663978831862302 0.9193561200584721 0.03955659675526886
19.63517195663305 0.9347596648760226 0.10664357431457644
19.666713226442248 0.9129987079995987 0.03627919202321682
19.637322761568452 0.8792601203778326 0.08185565096118232
19.605258933908555 0.9402361888063291 0.06607595483376348
19.621129746030313 0.9629375559780748 0.052413166996121585
19.65556436701793 0.8833348203945299 0.05552843215943522
19.654797777309035 0.8975729088592473 0.03513007300000705
19.63061794915917 0.8969419218038285 0.10384880296020078
19.62488735375779 0.9899096443420008 0.05738908698657934
19.626195272155837 0.9510884245909195 0.1115163594845661
19.630611453993524 0.9569738854647312 0.07647287373917745
19.584747844330245 0.948829188830083 0.1363067656888814
19.662938765809294 0.9302289273832732 0.08194793773029019
19.59102479191588 0.9954711914492687 0.06980882083305362
19.60112765777488 0.9771890985394037 0.12943198086737082
19.603141958794005 0.9301658156161401 0.07316655299925903
19.660738274887564 0.9144893471843338 0.03155210520912765
19.61891717466517 0.9065908118838488 0.08972870494784979
19.610415613936038 0.9359840709995779 0.06354555995824829
19.672267275436788 0.9028204822144201 0.0355298853561843
19.68454567479819 0.8984047983063661 0.06103422830074701
19.6391464810722 0.9452657171485025 0.08271053858143572
19.616706982333202 0.935626913768 0.07487113534999733
19.656423137708934 0.9084154852837405 0.028715332587226295
19.67154630702271 0.8740025995820028 0.06355087866878206
19.67310003555815 0.8995377797950198 0.03570619933198149
19.674020129048362 0.9087381249450417 0.0467504759563752
19.629409578368637 0.9703882350481674 0.083315816044963
19.605791135383484 0.9080742645658977 0.1199165374862171
19.64866757143288 0.8816793914487796 0.06652308676370164
19.646676692153786 0.9266580741250008 0.085690957821472
19.601504121295278 0.9557134908164246 0.06611045031056546
19.59479400992995 0.958104319883111 0.07132813681218451
19.64396808934061 0.9249506765126876 0.07647482260093767
19.627387073989212 0.9427816645217563 0.07270586812912684
19.621301457268178 0.9392834894230639 0.07352900862724965
19.65189803527584 0.8757577872702196 0.0765642860684593
19.661677151425778 0.9256294174689492 0.05037518469208119
19.625832592780522 0.997602498151418 0.10010594324254354
19.602641429197107 0.9821273392103465 0.06340129832319519
19.68303813096717 0.8952777968974217 0.05161019184417527
19.643219395891332 0.9160143683188899 0.07625571421065702
19.68530422704007 0.8909670921374685 0.05289703505219356
19.636199083090453 0.9239050609366237 0.0739679124651985
19.658128163007788 0.8947170584553217 0.039559291715197356
19.663129917838763 0.910150706132044 0.03535882363551001
19.677046217756452 0.9075661769871841 0.060578050342097074
19.678190029321545 0.9032028738064579 0.05247624910381044
19.58774053441289 0.9788550577158768 0.0751926125983429
19.672866584226163 0.8943877312245778 0.03924921931154676
19.640782692323555 0.9069440277413257 0.08142494772035427
19.63229377118089 0.952753767829049 0.10095988812332708
19.67132436727765 0.915305189466744 0.06045886213476726
19.66462806398922 0.9066352122031465 0.03594633327138142
19.66462806398922 0.9066352122031465 0.03594633327138142
19.664175595679684 0.9235823952038713 0.05591642216821919
19.61886313118979 0.9406602338124768 0.0755651947658678
19.669852024075574 0.9082688823916438 0.04314827553553304
19.589227480349386 0.98904234945278 0.07383576802581766
19.64065866335122 0.9353464615504785 0.09326509689639487
19.657054922609056 0.8865160505289931 0.0527509729929176
19.618288329258508 0.9277232066857859 0.11805928808223635
19.659783717723343 0.8984118041837146 0.0372701866042361
19.620770487787308 0.9355332734318584 0.07588926772969797
19.6109955511803 0.9901952092924129 0.12308775249254372
19.617683545169964 0.9644851955143825 0.05805808277646046
19.621726757174056 0.9969722050662838 0.0615570292897913
19.651438397715072 0.8951738234619366 0.045743219855269635
19.65244068289006 0.9119633892846001 0.03388282474340692
19.625349203715466 0.9209426186151377 0.0785880582089281
19.669471829171876 0.9166042290298655 0.058602931938145086
19.66801869551724 0.9077741821769402 0.041071061565112206
19.672463283396088 0.8959116460321928 0.040386388638884094
19.669794405344884 0.9093292693527427 0.045524585938284866
19.57338065860865 0.9268685831553246 0.1364791322536651
19.654914180765815 0.9125951453694564 0.03462510433771831
19.684627793771938 0.8927867915679571 0.060507251105206224
19.62713169320434 0.9593998091922437 0.08029574783104933
19.60925814843309 0.9635856721000909 0.062191476436174974
19.625898187100983 0.9724191245519896 0.08458986920376807
19.62510278440874 0.9814599996591764 0.08697724786695744
19.678691086506717 0.9037123571412342 0.06738937688128512
19.629995470010684 0.900845227591171 0.09511609900826574
19.676706313893504 0.8986799738300646 0.04687630250686473
19.645525516187792 0.9174701332018815 0.09241923280277245
19.659229616584664 0.899031690575347 0.03836909106122887
19.599948887523425 0.99973682725424 0.06711558353289347
19.628026762881348 0.9631141844058918 0.10234489049244337
19.64187208410829 0.9273551520802635 0.09494856340870399
19.609510398884645 0.9704417131962129 0.06244589308632414
19.6805955934425 0.8964917060464327 0.07756634207506874
19.5705001485465 0.9302469471562096 0.10471212067501244
19.606624360202925 0.9514688058702298 0.06597310067264527
19.659257761801772 0.9064606114790157 0.03684322374525129
19.641322864475274 0.9219947324197071 0.09827761395243582
19.660885308127536 0.9264005267307268 0.05729606772923613
19.585942460069738 0.93110626031407 0.13408960286414617
19.67793244555873 0.9031980723892672 0.07255876545050768
19.64020613300285 0.8759276881843001 0.09451605891762263
19.664114081289494 0.9251366190894738 0.06870965614491685
19.61767417682789 0.9516469523326765 0.059942346612767684
19.6565469628431 0.8892863773291466 0.05148830760157721
19.610483218616697 0.9429343360387417 0.06572035955864405
19.67816402188734 0.8956249245625465 0.05013572035641168
19.63910090988413 0.8906987347110142 0.06525691419404626
19.663151731888668 0.9170874456966349 0.048367106352467604
19.618867619342044 0.9436473314584939 0.07793463620820874
19.66291577069703 0.9194516036577363 0.051465948828409616
19.654158093130683 0.8918290555210682 0.050649973083002287
19.586686320200478 0.9348569047470416 0.08927095439824792
19.641356619945636 0.9093082224250999 0.08519700594532266
19.66302510750198 0.9089984095660832 0.041529471553388105
19.601092573607744 0.9320602109271223 0.12914513747859643
19.671122943891504 0.9126231905344565 0.06203398154060201
19.61820485810158 0.9633006891448777 0.0611346731868316
19.67176066131355 0.8783406781678802 0.06190472829195016
19.61628096302646 0.9055643042678376 0.09882472683296367
19.64930687062709 0.9070975648261359 0.04060027372253755
19.60324246797466 0.9992813684098024 0.06720514826043372
19.67689783285972 0.8919010260857452 0.049084460421006025
19.664874854566996 0.9002887001364207 0.04135776788661862
19.639431747724675 0.9174750899152346 0.08151922153681039
19.65734260309938 0.9140174132619026 0.04094452492693569
19.683888610577036 0.8875521860239096 0.06239635469721803
19.67371045307028 0.8763903700888982 0.06706033637802772
19.66822847099003 0.8992675974097616 0.04339251427028817
19.634692519568937 0.9430548902357501 0.09567481132572592
19.600841767207108 0.9936856485051191 0.06900832870863206
19.678333452233396 0.894374570653835 0.05301104917009468
19.627695322186522 0.9594035985391087 0.08602753141993834
19.640423465991745 0.9117294843355532 0.097965922114111
19.615589671435266 0.9046717078761497 0.11065128554844719
19.6114319580879 0.975578272486826 0.06473603457650635
19.659241904985638 0.8973973768847685 0.044076033425391514
19.58837557172264 0.9366267054229092 0.13342911183943507
19.629363846425306 0.9455116757876973 0.08192752276358428
19.5831900540487 0.9123584939234544 0.10769570199093396
19.66605284604632 0.9079666246102737 0.04676576083422483
19.641678561433007 0.9172819202401139 0.0938098992473646
19.670858210363757 0.9066795689177718 0.05326924899271702
19.66476995565228 0.9043141365885279 0.04474353968995782
19.66153445587826 0.920544369356068 0.05595338012887268
19.67627911231217 0.8869294598364603 0.054220731802167736
19.611357055044657 0.9559647971690983 0.06608640628061331
19.666237491196473 0.9096323353507947 0.050148275981351374
19.617256751171904 0.9743013315456523 0.118359811580654
19.616644983548518 0.9744264965398113 0.11877569099411589
19.660479277927926 0.9137387597794284 0.047144206809195975
19.65636404429838 0.9027833835619852 0.04392853297318383
19.67217976723893 0.8767790678759463 0.0704310956523601
19.64130016260797 0.8839389009393495 0.10990911103024355
19.66175843844044 0.8849688364959611 0.10022268086660624
19.67160582793638 0.8939803433603377 0.0502547850769556
19.6783960094136 0.8957081818536745 0.06153737531702528
19.634768420723322 0.907727054947671 0.09250163486393592
19.650700349233254 0.8776438003851166 0.0818957043553439
19.677080318979417 0.8885845734968022 0.05624107342856306
19.611309901613453 0.9073400652491905 0.10450112738916978
19.603448998716726 0.9195120834116488 0.08555281233772402
19.662574582695342 0.8751717920344915 0.08924501060684527
19.62269330033258 0.9559380537214004 0.08463218677167021
19.660122648692656 0.918556127906937 0.09272281262066479
19.633605932488454 0.9385059379444276 0.09589183161340978
19.66438554543342 0.9040712841067631 0.09546977619864315
19.619823067378448 0.9278813490175137 0.11464862044738401
19.63137265361213 0.9442663815160144 0.09619658050952044
19.62028578985239 0.9545368433208072 0.0841036181333482
19.668141864948417 0.8795404904741225 0.06791801602860906
19.66032970343458 0.91896041518624 0.056444637474449555
19.66206103828204 0.8910344350751521 0.05345824036645562
19.620255101838236 0.9846765528202028 0.11434869339841283
19.622670217950862 0.9710201920361916 0.06869103105311394
19.656337588750812 0.9048732509164293 0.04684756766882286
19.61459798634675 0.9731286351236121 0.0681444175732653
19.596384271846546 0.9801794181610394 0.07528136977056982
19.60195885786941 0.9666808259155188 0.07274954719101748
19.626289481125347 0.954910620486009 0.08970673258170185
19.635906064211508 0.9153126998880744 0.08987956783876698
19.60891136445615 0.9146595290849064 0.09839922154957692
19.62497124015871 0.9943269166322855 0.07493138848785093
19.611327425468385 0.9393296754910861 0.07147721544997754
19.610586623719687 0.9512621678548236 0.06971525051475348
19.576912612276583 0.9107264173757309 0.11991985682022327
19.67001171943494 0.9040660314736693 0.0572719471498442
19.650310231348836 0.8996141697973907 0.1077721762312328
19.678958291424877 0.8895708382840647 0.07311977422805548
19.67589191352278 0.8986041690103026 0.06921362051044985
19.578033220288702 0.9723019812396922 0.08935546260516623
19.66758930246656 0.8926240599271347 0.0535720853491948
19.6523171154765 0.8876596838317565 0.06430603697302181
19.579280233568554 0.9705050502252334 0.0887483113348725
19.606707841552645 0.9717147274333335 0.0711409316250528
19.6241038034064 0.9312179417106503 0.08468853914674364
19.662311667278956 0.9210808201803387 0.07550586606901981
19.62033942711131 0.9084439430582993 0.10719430365569413
19.661499801575815 0.8802915384229407 0.07177952791541997
19.58709737422049 0.9324960492453729 0.0934031911586792
19.604977961765698 0.9951264550668315 0.07251687803475163
19.667990692875918 0.8808114854056607 0.0689192161027729
19.662365423536226 0.915764557929825 0.06076779458367549
19.66439629113854 0.915162423661984 0.08207363909794956
19.672374555960456 0.880249777572559 0.08311173585678182
19.595423487624902 0.9722099174439707 0.07797037072661812
19.58145842795216 0.9780172557874769 0.08702053653028
19.57952246355204 0.9226797769210241 0.10535054400377573
19.654661137814326 0.9081889937461207 0.050038265545434744
19.622278653869863 0.9887639735843108 0.07512702889908265
19.676932990916217 0.8866745069767035 0.07615337751513059
19.60746792252152 0.9618222120627367 0.07245174766105737
19.629299581377634 0.9115469358235965 0.0991049458783525
19.667518011806518 0.9107792156095689 0.07417484776183596
19.623908136698855 0.9947611472084101 0.10802911108124393
19.650717275213438 0.9001998036753247 0.05428866854442139
19.64842633703694 0.897125331828601 0.058012155780201205
19.615377441208295 0.9509227360787105 0.12022480997028538
19.61619631226528 0.9685034980231164 0.07088739103744131
19.619326130961447 0.972917528540059 0.07187331219276635
19.672740900294418 0.8997371798942342 0.06555792415161603
19.627176499646534 0.9305356268019933 0.10604838479827049
19.59590430961026 0.9901812146068059 0.07780835231950149
19.62043619156695 0.9304450612598901 0.11221185747815224
19.656108395885422 0.8982380220149314 0.05442051019017322
19.606779254191842 0.9260473048455042 0.08209208661477377
19.617075763462275 0.9245524929958202 0.11429782859905388
19.614463717146077 0.9201762848212243 0.11490800601083045
19.603053015744546 0.9557383500463165 0.0759759281953995
19.61915849352772 0.9107267777901993 0.10204570701188954
19.583591483945114 0.9368630497627144 0.09534728097921717
19.594567846472447 0.9548279893161097 0.13015818434731652
19.666623638609984 0.8914203340552205 0.058902344795798006
19.582027657160836 0.9899720131749271 0.0869390566762171
19.594907314476984 0.9486335868508504 0.08303702952273716
19.622475194603165 0.9877339968561676 0.07731323772947694
19.65607039066256 0.8930408222696944 0.059492658773149805
19.67121203780214 0.9020988722752616 0.07098541322471816
19.658249603134088 0.9063214851905825 0.0986225157890877
19.58861806842769 0.9488554720410345 0.13228535920356607
19.619462596370646 0.9985195198325201 0.07661378527524064
19.657175249084915 0.8891688831332396 0.06362526116327516
19.653607310015786 0.8870948768507185 0.0682958310716344
19.666910025807287 0.88075964508882 0.07626667601233147
19.612195502356805 0.9909034888529487 0.118925787216617
19.612991785181833 0.9579872547190602 0.07266669152904816
19.580998231595338 0.9989401662185098 0.13498013842829362
19.67293361937328 0.8964138748210917 0.07488924671722093
19.594943485308004 0.9770108832562734 0.08015786579493112
19.659649798076853 0.9209514308164719 0.07892409148234458
19.66516275340176 0.8987136940450964 0.058183424704744025
19.592235446234355 0.9978082064371173 0.08126439869020995
19.611987998063615 0.9772857239499433 0.07434844695137745
19.655380885421632 0.9019206685265457 0.05559044389149477
19.606461429616854 0.9293236290841032 0.08223587765005391
19.608477931144616 0.9620057373892437 0.0748348717318426
19.595603469704397 0.9929031704025784 0.07993933695754316
19.589761541263616 0.9127702397030161 0.10652490263093017
19.620044798760052 0.9347177505065976 0.08971535157867208
19.62337374372087 0.9170771125577695 0.09674404848714334
19.569664620223612 0.9519041669924747 0.10216924633222975
19.614436518157213 0.9828307537907948 0.07568608257808518
19.599859241079358 0.9156356396607217 0.09557967002024018
19.605651739519672 0.9465497589155043 0.07797830345935614
19.64601437569003 0.8834311816018137 0.08175281797730469
19.65829271518072 0.8930310363552851 0.09967311914221631
19.66418253030321 0.9104035800185988 0.06850372370664659
19.654474528286496 0.9107816194574622 0.056306233811815716
19.66561834210483 0.8964921633319745 0.091622353041748
19.616194007873364 0.9198607286076599 0.0962291596250876
19.621248138227674 0.9545332651489012 0.10122087280344837
19.66659696901292 0.9018602753847649 0.06309701197388014
19.659272662108872 0.9194907884823331 0.08197985307397651
19.620315420332133 0.9160010705632518 0.0993073790303195
19.670019333072617 0.8849575269991119 0.07336380029421324
19.65683493571661 0.9140947689120871 0.060240082460891915
19.62458439956004 0.919339004906222 0.10401504111537008
19.65805625842545 0.9031566369654902 0.0578599237370199
19.604692470958113 0.9972134459452798 0.07767918889929389
19.641740515538203 0.8813195943806036 0.09360376397756257
19.61723299543441 0.9745395432081625 0.1150695586673819
19.585183882849382 0.9683293384352436 0.08832543823761359
19.665686577753476 0.8903068368277345 0.06521667689790311
19.614781896711765 0.9693358892202348 0.07560759765640448
19.64033487087806 0.8829240859577905 0.0893209694403181
19.598363111761184 0.9311722169869641 0.08841655446800745
19.65066671170541 0.9073557646609343 0.056871728202858574
19.570693984116158 0.9546052141230736 0.10132370049332529
19.60652122800223 0.9633129559280815 0.0771401953792704
19.614594959661634 0.9613819160129 0.07517253318897309
19.623768846459992 0.9369367687234293 0.10332751771029237
19.58154646739801 0.9757416509165482 0.0904069001962779
19.570325398183883 0.920927737991095 0.12992114313822348
19.599978573224234 0.9899341966761002 0.0797637031387902
19.65208123877764 0.8894033269019685 0.07018035510681996
19.569590314105913 0.9474223374917969 0.10439963835100549
19.585829957250375 0.9154458543134141 0.10897209568383805
19.661610489199735 0.8926736660847437 0.06463386100631628
19.66533247678969 0.902641437368287 0.06637884219310708
19.59524897901832 0.9699004165936015 0.08285930175801319
19.634112363465395 0.8847377877853618 0.10680061937349365
19.659121749628216 0.9016850878805498 0.09640471605911287
19.589147621680027 0.9264485741137362 0.09843465544101179
19.666255093325525 0.8998418174484648 0.08585954133820899
19.603286367279807 0.9477549258403117 0.08111913361441377
19.609328791658644 0.9183401031884851 0.11207545072062625
19.660044429397296 0.9151906264549651 0.07364113735507381
19.598492574381723 0.944926190296884 0.08472663146072046
19.59705279602789 0.9235736061513864 0.09422186342677653
19.582228189465624 0.9807325855974536 0.13377585855433427
19.619437513408023 0.9908107299518378 0.08241058870481209
19.58689274991256 0.9260874819469214 0.12976877686532118
19.580291457159714 0.9662215547763287 0.1344650557661168
19.616208594307352 0.9257043344997702 0.09653066273652262
19.66919524787324 0.8922757317699409 0.07776286500700351
19.65180390733286 0.8961689078411506 0.06507284215456205
19.59127211526525 0.976758413876029 0.12999218390635597
19.60844850900504 0.9937492103661142 0.07974837999483288
19.623141954454535 0.9971841100543419 0.08875794738447212
19.587549345728373 0.9208648687815544 0.10410671014161732
19.577452488800965 0.9740813160640485 0.09486330595232528
19.593306340564858 0.9816290953292879 0.08491396673816885
19.60000193131046 0.936314840193449 0.08745693727014031
19.574961872354883 0.9868418920286894 0.09574849966022642
19.65957349962882 0.8848426997807393 0.0909873026900524
19.65101336060084 0.8975079664073133 0.06588767982082402
19.616294902933774 0.9348811336141591 0.0962532068430721
19.602377558419384 0.9560757892169469 0.08228453724180541
19.599657723103203 0.9760636591771505 0.12558873673903398
19.662340380375653 0.9057696856726754 0.0710402078797024
19.640688125064244 0.8938016088161053 0.07483187155574156
19.60179055365311 0.986257552914898 0.12400374370508313
19.575337077614503 0.9300290038952187 0.10867247673694394
19.65967159535568 0.8941817161093923 0.06823442806118303
19.60803849161789 0.9348705164494697 0.12261883617411423
19.585903214412333 0.9667084236681555 0.09070253668133858
19.579663159725687 0.9560103797172468 0.09657349838711589
19.58373703249784 0.9409368722756275 0.0977574627391623
19.56944145525849 0.9467749520436604 0.10631149801071157
19.614916274893595 0.9703339343826766 0.08075150258394828
19.61144448792314 0.9224964602257091 0.10543046988666856
19.60810946380189 0.921703184682151 0.10820282931704396
19.663633397113337 0.8888280085817435 0.08652593131912216
19.623647401544105 0.984740056120774 0.09738761812388994
19.573825213996138 0.9289381915676949 0.11093006900494362
19.59955797858083 0.9292651312349542 0.09149765911408374
19.6055180327861 0.9523455722119492 0.08218991519684885
19.663905907175202 0.9018317932825501 0.07846289380691468
19.616012557520392 0.9647841025329209 0.08111851997179119
19.651330504378066 0.9061559094115832 0.10093779145236892
19.584548579007 0.9212062307550932 0.10777053391987472
19.61555813581694 0.9315748239396657 0.10674681728575394
19.591757023094555 0.9759482917300291 0.12899417104268873
19.578652842851678 0.925480626177402 0.10984108264618873
19.65663085656049 0.8907839960003735 0.07455776936215902
19.616229270022373 0.9649014682295967 0.08227481548805296
19.646946940446117 0.8851457798880388 0.09011672037909195
19.661130545934057 0.9035413525071475 0.07480215711977821
19.613723286083292 0.9846881661623839 0.11419902846833752
19.594432422430998 0.9995758665430041 0.0867708470912094
19.65857844738912 0.8871639524563694 0.08704291280102107
19.611518928497308 0.9730488591682107 0.0830762057493053
19.59502617139115 0.9979508594845328 0.08665040878787852
19.652112383892035 0.9077580941800432 0.06694596734774974
19.61442588027769 0.9360737875721581 0.10235793952999166
19.656932464459175 0.9073538410519775 0.09159973664456066
19.621685839143467 0.9844910978920083 0.10010368752529929
19.648077749642766 0.8860264904208208 0.08755289426173174
19.66273742455688 0.8931872627987751 0.08318540720213928
19.584316280086014 0.9656928125624498 0.09353869753613453
19.603013560925156 0.9321116293102631 0.12389196209445916
19.65054818753072 0.8856246807310251 0.09010219934750638
19.65722055324353 0.9080761193030715 0.0723350513933745
19.597924901412 0.9830685914296888 0.08597779536836883
19.62146021825116 0.9794013225165752 0.09144832475811215
19.574781094581144 0.973557715982917 0.09884989658775366
19.659540703958285 0.9054054251998662 0.07548036006268365
19.659247946652897 0.8896155665210597 0.08008221808286227
19.613183219303387 0.9970967525866672 0.08644933516255025
19.65477383989615 0.9134250705610858 0.07442885474016776
19.57543257324383 0.9680959027326146 0.13489655541024914
19.583030100342377 0.9176429139600089 0.12441082309762612
19.647276448276028 0.9043171061422955 0.06899333958584983
19.653541239282667 0.9134794889715113 0.07347957975354877
19.653834601858165 0.8872518801530462 0.0884140408031178
19.61553464265004 0.9493212380776285 0.08280225365969572
19.652097274205232 0.9079215142226517 0.06987743786748588
19.601624948137115 0.9151963907441052 0.10120209338261052
19.56770225223735 0.9251813069877726 0.12411345731161554
19.579191156264475 0.961794171429263 0.1333282372838788
19.659652929135245 0.8982077577116461 0.07769403798043396
19.653930933250148 0.8966183859882696 0.07387524386461726
19.58596552385059 0.938616101272948 0.09950724892486115
19.594416148886236 0.9144618151434736 0.10858443341449253
19.61355688273551 0.9645767254889486 0.08489433430577871
19.593711930376564 0.9917622140847436 0.08901948786839242
19.574807381626194 0.9733978885716408 0.13483503002793512
19.6111539030444 0.9712901806859404 0.08566882353104939
19.65608331320291 0.9098696559300862 0.07965316281365095
19.654913462936126 0.907666945476317 0.09135310011400877
19.604804917177603 0.93202478464046 0.09026548834737583
19.589601680582394 0.9612849108441889 0.09256276058055432
19.60885852896232 0.953701506635614 0.11969589868284874
19.599599506679247 0.9661294813714453 0.08756098851133196
19.653895756746117 0.9090312231905475 0.073940044519311
19.576328506874592 0.9989656994354881 0.13430540831207163
19.621749081349638 0.9682443457038425 0.09222376349362658
19.643137485655252 0.8971327845854029 0.10520787823810522
19.6114940369754 0.9964362731782962 0.08838411453020893
19.649155807491134 0.8894653082163722 0.08532239710348057
19.589636879453582 0.9945242365638015 0.09128041402691232
19.592399367065234 0.955506517189878 0.09208884520987662
19.60927534826113 0.9417425150434866 0.08620738765992196
19.576841613772917 0.9356636963614067 0.1078082557300887
19.606728532682244 0.9598112790871277 0.08614879025593732
19.600294391575556 0.975607801314938 0.08785507116181901
19.61268287124107 0.9990581982095711 0.0895886035427176
19.613626071390602 0.981132100728456 0.088776544154453
19.587206141161055 0.919269434137827 0.12412131389586449
19.590166570815132 0.9658807341380078 0.09243580728404542
19.598211608955125 0.9998757454822601 0.1239857418199133
19.60934159758064 0.9859397142215138 0.08808287792167456
19.65334243372849 0.9120701328770748 0.07852101423400372
19.615279703315057 0.9968875528325206 0.10785605313776048
19.565578459179363 0.9304382506331756 0.12139530996150154
19.65416253884429 0.9057930047423939 0.07618349325710186
19.56699440069705 0.9311468398047327 0.11940975572992414
19.645529780947214 0.8909088785942075 0.08564155818186035
19.64213513822456 0.8948505451608133 0.08115059567773067
19.57745602583752 0.9242981445231813 0.1269204825428368
19.612857911452945 0.9721424660321911 0.08828905892902247
19.57810987708706 0.9677241841821418 0.09955483042699875
19.65503857035483 0.9073863198929513 0.082926493938474
19.582314803629853 0.9743036632147333 0.09667379835571854
19.616236553812612 0.9883259131509515 0.10540480709435951
19.648503769706252 0.8973856322533906 0.07767207492253915
19.613246395724502 0.9675887877178051 0.0882776654736038
19.602795284668822 0.9724170044275495 0.12136635986185533
19.59264406973945 0.9162339653233537 0.11148694669287991
19.61794737064267 0.9534058320594498 0.08778874852460991
19.581835692049747 0.9481762290692072 0.10124658415548324
19.64589974956281 0.8959051059027261 0.10073621958069533
19.598719169243537 0.9654179074792058 0.12395369625746082
19.61294049556729 0.9895399410113725 0.11040685535411289
19.581783221464924 0.9617459803119589 0.09882489879788453
19.592346326075862 0.9884750730395425 0.09228020354028298
19.6030016125276 0.9267414579464809 0.09594318659573686
19.652314023840145 0.8979317345490976 0.0928324340111683
19.59010674582133 0.9167135924483936 0.11590312893576739
19.648524723608517 0.8992443282748994 0.09783089622166707
19.652119048911775 0.9082434858753696 0.087558036699048
19.61271429605813 0.9736033667271491 0.09140711296596031
19.605858114443883 0.9385849266681958 0.1205567759013706
19.616027962250495 0.9629594930730139 0.10977951261804311
19.579616918773063 0.9339814920491631 0.10874950493627678
19.59184355996075 0.9765392068775491 0.09363353320602152
19.601790694309003 0.9407861866987752 0.09284121562782534
19.581326662119512 0.9704688498575001 0.09907193045898481
19.604486530932714 0.9788808399109901 0.11882044241032645
19.61203398003917 0.9411947295815514 0.11644904960536921
19.651063017835227 0.9001850384614585 0.0828916845356574
19.61805119495509 0.9560269185859432 0.09177197032786509
19.60089247617828 0.9259176691063464 0.09905471417575401
19.597367757983807 0.9345613683584045 0.12370573142591203
19.61475788654466 0.9810489204044734 0.09838702099275512
19.594920664727024 0.9647497299717541 0.12515928242038413
19.580443554071717 0.9492837836589043 0.10342428567301389
19.604609771901842 0.9630164494626572 0.09105517052301011
19.610987810324684 0.9596731108448119 0.1148029495669989
19.58333165551085 0.9964687911300674 0.09772558657624852
19.6121011018414 0.9684077825603894 0.11210811590940552
19.639403523463837 0.8945270099775864 0.10143169727467295
19.650656184138803 0.903216515034273 0.0869150358278406
19.597580183659055 0.9889473561014582 0.09317040488953922
19.609280289328535 0.9520569149817746 0.09077343431521094
19.578994546488204 0.955701807603579 0.10332449046176528
19.64112251618695 0.8941096321032304 0.09838949720809069
19.608466861554483 0.975447244599446 0.09308581909351242
19.60893750564901 0.965309269435748 0.1153520431525174
19.592934494575246 0.9271094697726614 0.12340065913541193
19.64530146519949 0.8953082593444889 0.0921284702967529
19.5944665189148 0.9990532795470612 0.09431364032628374
19.59620923238249 0.9980773052998528 0.09397964986172679
19.612743251467947 0.9823103714396133 0.09812771481834576
19.58857475455397 0.9743724375574343 0.09676614696198302
19.649020347934137 0.9034723474522699 0.08941315947042419
19.618584856346985 0.9573003867414847 0.09931852540503275
19.579696004242674 0.9787619202736245 0.10082993776160093
19.597977721160753 0.943095386968003 0.0960774290821121
19.590475979357013 0.9208895708550893 0.1201685004287906
19.598883023700818 0.9371232885175173 0.09741503757706163
19.61393983301994 0.9732272620741093 0.10004875924536494
19.599254963388727 0.953677348052192 0.09447063635047152
19.59603709663161 0.9706116207748114 0.12350192023659991
19.615431114833775 0.957374562621397 0.09533020670282939
19.608392064048907 0.9900426006148838 0.0966799589467912
19.605614574965458 0.923144471809028 0.11705507420715323
19.575188322040294 0.9290717774784718 0.11966772808653234
19.607745612480265 0.9801935458844044 0.0955561535905612
19.57106350215207 0.9488602936244879 0.13223859724691017
19.604158479154925 0.9790856945390052 0.11710161105799335
19.595234057481917 0.96061179655568 0.09601183812423195
19.645370426007524 0.9031317227400963 0.09466570720912706
19.58215591027882 0.9383092392654008 0.10777973735547551
19.613168193518725 0.9423708536579049 0.11314511035103728
19.590882335844306 0.955946857609266 0.09844441416618682
19.57809166491048 0.9529791961133429 0.1306674947020646
19.586084217301767 0.9779475592313247 0.09906457374133366
19.601053899199517 0.9639578582221391 0.09481294906521902
19.605863885574074 0.9402535419721463 0.1181806882506398
19.64374615766737 0.9008578304958876 0.09016261442327488
19.60923120419713 0.9977081187182205 0.10545790977238083
19.598170746483195 0.9896255678225796 0.09628136537064791
19.605626762295422 0.9253867674232942 0.10126573226855314
19.5686962779364 0.9371871492295824 0.128570683720481
19.58774200267948 0.9745679877617885 0.09913415669107205
19.612059016638998 0.9553733070196875 0.09594590209704455
19.61333872229751 0.9566537901447421 0.108367081934315
19.580869071737926 0.9273149025809856 0.1211500410650796
19.603413545691556 0.9776942481851112 0.09658483199758827
19.594425250962587 0.9466750548939694 0.09937458925452969
19.609441450964756 0.9684873336744244 0.11097532858285075
19.611428630855183 0.9383018025874841 0.11368576864960733
19.600021793384627 0.9269685533174712 0.1038305743932938
19.609814239250742 0.965886399109859 0.11018262819502975
19.580873678944528 0.9917041354342537 0.10224738258539243
19.574923426453562 0.9727563677133138 0.10617096743481712
19.606236056601738 0.9916076681942378 0.10048827158939744
19.59288979691323 0.9715435185883177 0.12392823345035037
19.59255126371062 0.9808508925683059 0.09846229129181422
19.608304149382892 0.9614342820123584 0.11252910850387139
19.611739951653824 0.9492997212081593 0.09756082698970436
19.600537021508643 0.9567401215793727 0.09743679529589865
19.575993824018877 0.9332889707606451 0.11867799928937055
19.596717313694135 0.9366508784127636 0.1023672194861848
19.608755599345304 0.9742947333851621 0.10327122536635283
19.606161656388924 0.9769905543890398 0.1116485758454521
19.612351619178447 0.9558097501077998 0.10173296315629923
19.595601048160734 0.927177954366512 0.10859396107687898
19.602271260854984 0.9722210099898452 0.09825132049247945
19.61145758829214 0.9345829578440593 0.09934961322793122
19.590216836582872 0.9893246990606877 0.1245293570909973
19.608214086108273 0.9688971496615133 0.10148403961294894
19.613765362457563 0.9475156210810423 0.10471376078486513
19.577687797921904 0.9440444969416 0.12824767214561597
19.58819060631668 0.9367979243066373 0.10776879550076018
19.581852835351512 0.939793678202055 0.11047419936839414
19.581852835351512 0.939793678202055 0.11047419936839414
19.589916885663982 0.9878243115530271 0.1004257286291231
19.578672387134755 0.9985778496766473 0.12989302775415673
19.601662550320086 0.9916418117711626 0.10085844353249838
19.609171127772516 0.9292774063925937 0.11116432203426298
19.60176894913701 0.9968759412154464 0.10143652896518553
19.59940460885304 0.9995631596679587 0.10072428792050783
19.60498889145934 0.9284819736520982 0.10524630438321088
19.587045107982167 0.9695648938401389 0.1024417381104363
19.58632198965285 0.9781537468959437 0.12617150327123852
19.605075818377408 0.9850379682519299 0.10670591934336132
19.57541697989983 0.9359440014521715 0.12418710516088612
19.607270995757556 0.9680771747419235 0.10544888327330768
19.58311161794917 0.9429531437155461 0.10938437776284884
19.60223768281766 0.9724391222258206 0.10073773382998269
19.595696941746255 0.9322451428764662 0.10753501320403432
19.596967912336126 0.9587731348033874 0.10059853513681903
19.579894699975462 0.9801256564070051 0.10528963511166926
19.60794403622816 0.9548414572345051 0.10226348676342972
19.593444512997262 0.9392896096616018 0.12133117696852082
19.606707913029553 0.9492994822918774 0.1013744270212377
19.602746092439983 0.9488294890450183 0.1010561827492945
19.593380683705135 0.9788865069732056 0.1016071023644994
19.58915329190509 0.9433172103205909 0.10675194681655706
19.600694529544928 0.9296744230835711 0.11418121690595223
19.604072699886228 0.9633143297325171 0.10228798872039084
19.58322899516396 0.9960422578458836 0.12694776439233357
19.590305760041574 0.9996184183109325 0.10252010214411968
19.590700596183986 0.9319385815179977 0.11913426221825174
19.587382508289785 0.9688261360967619 0.10378041431660845
19.602453174184088 0.9839746102088172 0.11024807211015158
19.589633924793105 0.9874632032655302 0.12337755120920445
19.606150697023708 0.9497400128912352 0.10273049464310872
19.598674143461363 0.9505771539959629 0.10228642690293754
19.604789449324976 0.9455642956153186 0.10254383089384117
19.60402393575149 0.9417194399935271 0.11450291374133072
19.591540371716544 0.93798034360784 0.10834806044415025
19.593470925086734 0.9977049298850402 0.1205435027042145
19.602039599727092 0.9759704043555596 0.1041095032714113
19.603480474428043 0.9537354467889003 0.11434624743369799
19.60785525141402 0.9489406135701275 0.107906650071827
19.588440000244432 0.9623720929962823 0.12417239969973144
19.596520715588298 0.9446670788615747 0.10437716776697156
19.604142816914795 0.9359540558437303 0.1061125182127863
19.59867931716646 0.9830505433160635 0.11549255882068302
19.595367343746002 0.9955278309139991 0.1184000985944772
19.592677269471984 0.9916603310635738 0.10337628135258912
19.585104765957468 0.9591559872612898 0.10642894289820479
19.589395602519165 0.9799520244112953 0.10380968720821125
19.5857397879288 0.9892177960978571 0.10463300522179925
19.59342712131309 0.9840678195711452 0.10362684083630042
19.587912988720618 0.9678511817864075 0.12400412710383067
19.579319952226594 0.9808388769719921 0.10742653679806136
19.585260557658994 0.9860884734495697 0.1051944705511799
19.59995065798787 0.93855554441839 0.10713324388100727
19.59658015743697 0.947958837515585 0.11868933692812758
19.599830731339495 0.9542187380452141 0.10409861341044596
19.583159638659723 0.9367240150257408 0.1177546315514155
19.59945016524172 0.9834539433188494 0.10708571812225709
19.59953630362271 0.9602119135259961 0.10431631068764494
19.602658869111504 0.963710847523265 0.10843823943663272
19.604084741159472 0.9538863694803564 0.10846042957475831
19.581771522949996 0.9906227017425849 0.12661970169686612
19.5781022247185 0.944349511264603 0.11557187845536832
19.586845425059103 0.9622817497620777 0.10642661564806995
19.57806179381783 0.9774228017330997 0.10870893356431732
19.58627344887362 0.969731937944226 0.106088427187712
19.584621571720916 0.965773509949441 0.12506695682991137
19.59783117909309 0.9761507189083554 0.11506315922935949
19.59707944176826 0.9364015790063416 0.11221550863403922
19.589809028769942 0.986268501876461 0.10528199638774968
19.599207374923953 0.9763526594645227 0.10920334940482801
19.57411203675186 0.9469966288271274 0.12586827219473135
19.592702054095906 0.9368909729214052 0.11380319658621511
19.597789485300034 0.9810446269865646 0.10949700057826373
19.592841040037612 0.9448991018840562 0.1188553131887554
19.583250432488363 0.9411365941324115 0.11643520436262829
19.569399581581944 0.9543407613150968 0.12820737539798688
19.584790068862866 0.9819718378605922 0.1072854225343568
19.570715209415788 0.9502847636549024 0.11994739674066525
19.582604689360654 0.9987984433489709 0.12528457882666316
19.58540672714766 0.9897130701477126 0.10725293004619783
19.589451960126837 0.974608472034861 0.10687288360281129
19.59053736712007 0.994000564828028 0.10711151203665399
19.594203835666566 0.9435513910255631 0.1163647891384168
19.596919706582728 0.9713411819055153 0.10929086168084882
19.592947790065168 0.9681034233117588 0.10737983963111195
19.56921827131339 0.951572176316908 0.1262188363863652
19.571847272204423 0.9612211595082574 0.11603031027163313
19.586612114065094 0.9596279268548173 0.10966159310078318
19.5952402553082 0.9612808102190664 0.10932732424894985
19.58846040703396 0.9440097607612042 0.1148039866219483
19.593384488695815 0.9647637367881443 0.10880939050145229
19.5941574277177 0.9869304705684032 0.11270602573200857
19.58162430198933 0.9939239136116931 0.10945537795683351
19.587208589154955 0.9512928269534976 0.12081082906465825
19.592223351003554 0.9480644046058966 0.11309741669868187
19.59112432336304 0.9835813844697037 0.1173887442766508
19.579373310279404 0.9656579148426232 0.12508858737767287
19.57680195616977 0.9555921773355256 0.11657755344491998
19.586476820952917 0.957251571851063 0.11236288633603991
19.58926126421449 0.9914785881244144 0.11779497869379847
19.58678848329797 0.9657277257463623 0.11172730206363882
19.581819382990922 0.9753001428789725 0.12358201164248135
19.584881671808873 0.9514181240385873 0.11854139431092581
19.572267139273098 0.9603280437037082 0.118761561455341
19.57168474428909 0.9641531677281225 0.11825924129596108
19.578522970826093 0.9964168807938174 0.112849701858841
19.57613268757136 0.9926536248957922 0.11364748692987005
19.588692473948505 0.9653517487466565 0.11421048397562084
19.587592818733693 0.9999071267119636 0.11392030416714143
19.588150966568513 0.9764811870140258 0.1162198350279934
19.58197417684875 0.996047708695414 0.11284942115186443
19.581804315247634 0.9706975548917953 0.1139998661544704
19.58156061275759 0.9573277729000402 0.11987639606132482
19.5864652614181 0.9703914466098277 0.1141048875795563
19.577642488626626 0.9576830038013314 0.11935234443221131
19.585000927185327 0.9960659062224387 0.11325004122552933
19.581359483038916 0.9896465475045533 0.11332160707669686
19.578005065878575 0.9704128771431363 0.12347906769742249
19.583131650935755 0.9689078298143381 0.11547811698095226
19.583245232289077 0.991935705162927 0.11463249317505034
19.57146942873234 0.9645015492522886 0.12225270749733691
19.58394814463645 0.9885271336466972 0.1189221194505693
19.580879804560922 0.9650530185989973 0.11913116163343189
19.57616318164127 0.9797487686230517 0.11639874017327889
19.5732703171635 0.96971113461473 0.11925783383577715
19.583209396153656 0.9768538228600949 0.1178468439212094
19.577971876814015 0.9895078213671002 0.11630455466037959
19.5798666457492 0.974942166476948 0.11773080113040196
19.579122964768608 0.9938995606091916 0.11672023632224454
19.579720938942064 0.9846085401654218 0.11732592720870055
19.580341026390254 0.9982341055866449 0.12000683876353982
19.580068781216944 0.9938650393031473 0.11793818358182852
19.57422828208415 0.9790629808211407 0.12194546217983598
19.576857184577346 0.9954856021782346 0.11916080996877976
19.57689092531135 0.9961998417405487 0.1193117784303907
