luminosity_distance theta_jn
2548.529454885687 2.2335987141388998
3322.5950482355474 2.5506458200226074
2564.990818975274 0.9747719124756422
2778.257559007524 0.8820494928809272
3141.959875088469 2.425576848384956
2066.812753825902 1.7089159319639804
3580.8264906865434 2.5095247642885776
2299.843829993412 1.8678525195160633
2130.9043938262653 1.6595023759315137
3857.0867256354372 0.5370839342957822
3203.393096574541 2.2857572321993183
3670.526540470485 2.4751249846921404
4204.425255076151 0.39745352816800245
4301.943198051797 0.3542593315194522
3958.3474985908074 2.588695689472578
3346.408960743153 0.821725597953504
4084.6492094043706 0.4967742338153504
3992.4481324609505 0.567766217882874
4117.816604116865 2.613063272023034
3919.34300888236 2.508922246052997
3774.5949604678026 2.436189853162761
2319.7117521125506 1.4873793636119725
4056.2051881345665 0.5882250737296709
3062.051921712893 1.0008808436619487
2355.1293707569503 1.4337745400715411
3310.8109909655964 0.8987581386708552
3000.3337378747274 1.03106530741995
2874.683560743251 1.1039982241547546
4460.3015417973575 0.4350987892841434
4208.651503154173 2.5772892797800617
2640.579098858978 1.2379960585973
3914.3442026956795 0.6847936189913653
3557.98794268993 0.8274386522206735
2485.0000428474586 1.3539511578109344
3594.8141800404305 2.31220513956245
4281.657723041448 0.5511877851342738
3092.5476758767454 2.1029576075151493
2474.7756755274904 1.3911706137490651
3061.0275831010244 1.0518779390867734
4595.549571772531 0.41236487101539243
4357.87068480299 0.5397608950542659
3565.9828356541143 2.2771931159068557
2537.135125006971 1.3608133099084012
3611.1469989031516 0.8450773710842944
4151.398986599189 0.6360534502399208
4083.1788890541616 2.470395043795662
4296.673545768251 0.5781046358101801
4849.557761770365 2.8274751268149583
2643.325293283215 1.84545433830237
2880.99036364374 1.1609191734022368
3025.5460324325795 2.0411801858057887
2576.3742842327206 1.7853975653580507
2548.212484309159 1.378185824106128
3081.032201101008 1.0745349439444805
3020.1548668421156 2.0346473170963706
4137.014448797465 0.662866105260814
4296.623272644566 2.525208705628558
3770.4527971517173 0.8130122913900657
4918.712255981242 0.3176549435345734
2532.702406237501 1.4406858892971688
4389.916477894522 2.546113411499075
2741.258699241855 1.2722288788922198
3389.657715352589 2.1625923717299114
3644.6223694245687 0.8804579166052799
4951.047396380932 0.33067697010287045
2608.6678207734835 1.3816733950300188
3811.940013410832 2.313362089379605
3171.0402761129753 1.0719705763817904
3847.360495796895 0.8120336884077601
3828.3247640788536 0.8195794866494462
3761.5748816100995 0.8466245761769419
4467.18231701882 2.5523636796070344
4305.15310818006 2.484290646601621
2532.593529872684 1.5404906546170338
2931.311286049406 1.9438763906171113
4725.886709083524 0.48283645982868684
3797.118732568769 2.291741802637849
4073.097123939657 2.390980321612904
2838.9436486859704 1.2468513314413696
3949.643712439464 2.343029065367959
4022.0577555218892 0.7679126320489722
3456.628115023767 0.9770304709818814
2565.659824374061 1.4989641925425017
4082.4830300758435 2.386740856674561
4592.275760386108 2.5792347438248493
3559.430520616648 2.195304323037206
4743.429267259658 0.49247535484811206
4210.569734902966 2.4291864442661413
4080.8599843061806 2.3820376042445064
3187.297893558353 1.091957197908572
4747.513032660422 2.632839320540378
3575.1691989230853 0.9425624336807202
2657.962263001787 1.7394423775561751
4833.99680095734 0.46242475828144725
4531.820195366252 0.5927333790256186
4623.401142781437 0.5583153227060421
4894.22520849914 0.4403759403034141
3061.7061612654516 1.98224715059412
2901.605092316314 1.9016871209262467
3126.5610573337785 2.0095614596656586
3535.4206648340028 0.9643196798714683
3119.032259584132 1.1323722026942582
2895.993299231578 1.242626040169723
3227.429298959654 2.048162156385437
3832.7160722563026 2.276054134871905
4927.989419350215 0.43806885835956894
2682.757675262188 1.7319567869890775
4190.683787913397 0.7383504871375476
4969.7137219068945 2.6953990355343
4125.734539974924 0.7696297425268962
2975.35714125463 1.2198348286298535
4884.6956022294935 0.48896405675667204
3714.0719705828665 0.9222835953037031
4431.103952282395 2.4671108386940435
4889.16084313988 0.4929772261325217
4649.787112136576 0.5927422422655604
4455.667876507747 2.4675685033497787
3034.20141352922 1.9317528104256676
4202.198225251587 0.7594488793828552
4762.410275830856 0.5538156621469148
2963.880836033883 1.8926572422107495
3195.7087588475392 1.1343690495454255
4652.914998466464 0.6020349202209738
3532.6621503297306 2.133979252987109
3763.440625479516 0.9251349733318465
3315.4259130130026 1.0941246196890317
4622.184815546153 2.5093418681972577
4722.928540743957 0.5879111668663703
3036.116200613477 1.224604458600858
3922.9903408143628 2.26110815882265
3622.6056727362125 2.15476234169229
3257.7948013490154 1.1239355262339963
3834.2801696698557 0.9084371444492915
2692.4388416138245 1.615789648431546
4144.516679609135 0.8018271487007849
2773.2787315764567 1.403337918052131
3940.2354489180884 2.262839965232356
3439.021337653174 1.0566045377626025
3076.951873115568 1.2121944305428294
3952.9529611240177 2.263580024906965
4046.2863362406724 2.295291461631129
2788.4888948366756 1.3981784062718998
4933.271776205669 0.5232881238869745
4280.602530322349 0.7616998534431506
3839.5019604363774 2.2193236078322354
4651.60903150215 2.497879010106416
4398.4358111817355 2.4071373271976753
2926.888002949882 1.8310576707876445
3393.005983386995 1.0857730530710252
3416.6656626916583 2.0587564130410785
3791.972136228966 2.195818306021509
2991.5795872149915 1.8640333531720703
4844.059374014505 2.5562126902878046
3522.480647204894 1.042217298879745
4764.966981879561 2.524283820692188
3848.2025431010793 2.2103171247413163
3857.560725238334 2.213174518029717
3371.7085510623206 2.0323034030476803
3503.8766858627314 2.081561976043883
3553.2681960549467 1.03861549820225
3038.6680885275464 1.8739092084348343
2812.9530718340698 1.4254312613607227
2747.5518324605177 1.5477206199793287
4134.032992612739 0.838182243545308
2857.345769065606 1.3867810580590723
3308.9462952719714 1.1383965167105783
3988.0960793369895 2.2463717146621085
3401.5288633879877 1.101130008938801
4446.642794599898 2.398544164746843
3013.620673398904 1.286724225830051
2938.0719144168443 1.340712987976742
2815.2365765588956 1.4518934714515046
4184.768052337818 0.8335598675532103
3120.7382847102135 1.235931537990411
4438.63913167507 2.3849570590389026
4100.453151337099 0.8640412651240937
3098.1948959848146 1.2500831763276732
3900.362460572702 0.9327466584719213
4769.624500114189 0.6415135088968783
4661.140438901217 0.6810359668458379
4022.249505562611 0.8950260869444795
3085.781536805358 1.262001894296613
3383.971166310857 1.1259054657809575
4986.428624622455 0.5678790982233947
3489.5958731253104 1.0846364217916862
4399.43902127158 0.7726264901381655
4115.892466954792 2.268908891122292
3698.490183688779 1.0099018513093954
2796.5253632463537 1.5965381340290115
2794.8199831250545 1.5627087118076564
3750.248078823704 2.143214042833791
2840.4790664406605 1.4545415369780035
4093.879617037202 2.2571060927418114
4032.520831569909 0.900048281346858
4906.2213774309985 2.5224976200521336
3714.4834163411088 2.123927720744602
3883.9592977410002 2.182286286279191
4212.522922032318 0.8467533350676074
4160.462412096137 0.864308533590033
3882.2003870115723 0.9574232043153738
2895.0974837932645 1.4165626907111755
3009.0509670219326 1.8088962346189923
3906.3063340420963 0.9503806540900803
2959.2317154589236 1.363814011686379
3225.3272771282755 1.2125577726348389
3353.038518842803 1.1566117275178835
4907.969286016257 2.50895933388174
2854.282291078017 1.650373004108974
2950.215099722088 1.3806621708319733
4027.9848297117605 0.9170228736253371
4179.469905138816 0.8673306374402545
3091.458793969621 1.2907988218444613
3164.923233991633 1.885585850370018
4545.634642022447 2.383461375173968
4483.357989280653 0.7717522033865457
2869.817574849454 1.4788047966017421
4739.899835201605 2.4451723679380435
3054.83356654632 1.3166452537389943
4166.696384051285 0.8766202054238061
3572.3466563473166 2.0553702923692647
4953.432945921087 2.5155676184282405
4486.166666629023 2.359918894152001
2941.323186223566 1.4042161330262297
4741.879776484485 2.4396597684213077
3942.0368029063857 0.9549863005857077
3470.501430332427 1.1247244529519123
3620.471248073936 2.0684930909630648
3571.0747518936696 1.0865128251783316
2998.399845805444 1.3633203931559879
3778.205889755865 2.1239756455005705
3923.311372302329 0.9630095038722052
3665.1399194647756 2.082887957861873
3688.1326041399957 1.0451878778802028
4601.04776373706 2.390905891068979
3815.477055869922 2.13494042600037
2930.6608630479377 1.7073389001171733
3115.265090865986 1.2945920036229106
3589.907058078284 2.051666128914858
4560.501139091841 0.7623079794879757
3659.8670796461633 1.0606684639009978
3093.0364123759605 1.8232935500078653
4505.593217310193 2.3518490422306417
3254.3100207119146 1.2290949374275444
4832.708214635183 0.6794251425921193
3084.880609450042 1.8145377317380695
3169.3263665715576 1.8607830981901416
3008.697810642627 1.7576696303180905
4548.130504186325 2.3594866097482967
4790.003277485963 0.6976754152423721
2942.3600506208572 1.4440560170684031
4079.8145891375584 0.9258824455756635
3782.749798947295 1.0260025267348565
4685.6308460667115 0.7364645511025045
4500.738055895725 0.7955434073079642
4474.479429689952 2.3304241713010416
3505.7091614829314 2.0040000164083853
3368.7900192944435 1.1897784736920767
4159.4511689533165 2.2288468081740147
4223.558266770269 0.8879203564681869
3545.4678917541496 1.1211837188095761
4989.326476330445 2.489238400639738
2987.164967742026 1.42850390315665
4077.7227571630597 2.1948694527209587
3313.524357177279 1.9115107637740316
2943.3934122223504 1.6437611493339381
3466.1900499617377 1.160557464292607
4328.638951388125 0.8631596642589127
4635.199895377622 0.7679159494750625
3094.7021717546922 1.7871261390698694
3616.5673575299406 1.1046785411046398
3668.023125070196 2.050004398666886
2938.137589113779 1.5394888746773934
3073.7968398193666 1.76766150602689
3747.731695041559 2.075711745611945
4234.7831157325145 2.236275249419536
3518.06155987441 1.1467777652681732
4373.007455453722 2.278154281250399
3496.2228742149855 1.9802527239924492
4171.930812983609 0.9220365184726375
4130.764400548375 0.9360189666166127
3847.3960466093154 2.105844048207216
2951.153192088665 1.5402599907487657
4161.629798462827 2.2063816928520565
4204.881121988267 0.9160076951529112
2960.285289848544 1.6023406365455688
3297.9105367498005 1.2517414845103376
4511.682077588114 0.8220699140699053
4870.374805191893 0.7138819253201585
4075.688567518843 2.1722951945013365
4959.7442464275155 2.4470237466396374
4231.989736911399 2.2216519954195957
3634.729007992345 1.116228739408912
4454.930149176734 0.8457581440439925
4401.3181198344155 2.2702582929549293
4490.551675504095 0.8383621734766497
4707.545932339381 0.7720755544735614
4906.56912200229 2.421455236190286
3223.0554045308468 1.3064078013232994
4733.382912625462 2.366599735225642
4479.24591002902 0.8462208146992737
2987.7787927362283 1.567000023421126
4584.183535114069 2.319403021814778
4758.461964628096 2.3722173043812655
3137.7467899564876 1.3649363920443771
4280.011275928671 0.9097901135098373
4999.923678542606 0.6872789337793543
4790.630856440049 2.3808391516498175
4745.273415381494 0.767564968136015
3781.7921883066583 1.0747438150342736
4486.940086132777 2.286805254381208
4619.054227035963 2.3264018374867343
4164.50749394341 2.186437333772509
4168.112031788987 2.1874177970272513
4128.103372360229 0.9608887929805116
4749.707453806202 0.7706257506139323
3017.7399599496607 1.6236340211668499
4943.487078792897 0.713566698046711
3054.3440585120206 1.6814948745384795
4906.729834454307 0.725220459312817
3106.1897061099635 1.7325838473039534
3067.3448949256695 1.6941821186725086
4837.923498532731 2.384793197549922
4879.117266231861 0.7363229249369672
3070.3923742792913 1.4447190420408202
3794.9810371772714 1.0790654185410185
4579.938618796228 0.8289293970237767
3461.204647550473 1.2089689133021269
4006.477683731706 1.0091542776782705
3028.039280147942 1.6162315558779476
3926.1737531971703 2.0990069379220335
3459.2461260882515 1.2126653807724916
3606.880448645378 1.1527085560923502
3434.5101724333626 1.2248604442484576
4630.845982477406 2.315564911172558
4525.344194803361 0.8509385929727236
4816.92143522264 2.369591233013416
3194.326804718334 1.7806615126509602
4299.099887378886 2.2125375470755015
3551.5899924684472 1.9573093511630681
4504.149614972856 2.2732211134109277
4875.793528222454 2.3843879488437625
4149.499812174962 0.9711243871876232
3087.9413727004817 1.6854281026416307
4124.86473036668 0.9795486336244497
4334.165820067346 2.2199073152879008
3992.2343365512447 2.11224081512124
4142.045948550468 2.1597238600576576
3766.330613556473 2.034766431064204
3758.8181259532366 2.0311188850054345
4400.601475408699 0.8964779287739782
3910.307258616137 1.0527411837231333
3724.1350062189995 2.017878412566022
3849.2133556564972 2.060847917250782
3308.6836991570835 1.8381759712000414
3049.965677575424 1.5513729812463215
4118.870495510181 2.1489350174157056
3086.29968671584 1.665636915786703
4313.63628522055 2.2071584476484145
3804.602744063964 1.0937713004900977
4862.918778091759 2.3687564069202454
4719.942088300394 0.8079342082000146
3483.4398176662517 1.9150510935908802
3854.998580843842 1.0793617180452741
4557.827704231713 2.2766249701785353
4914.981667544366 0.7511594563951718
4811.402321996015 0.7823138595101673
4619.810284989941 0.8397532419920425
3241.2811073482726 1.7878821113748529
4705.92797894154 2.3188145027759903
3784.8094998131123 2.029415326063877
3810.292809347964 1.098103672125237
4991.505018543989 2.401905886471616
3071.172253489045 1.5764998277416287
4824.96717515345 2.352217566114156
4654.532632323004 0.8325577333406898
4179.29048776732 0.9775146675078631
4427.74825201595 2.2327959688691004
3285.14417295984 1.3274496884263791
3942.8505707018157 1.0552431280455363
4781.851369846074 2.3370065316456206
3193.5391669323826 1.7449518748714854
3123.4784282636765 1.676343989096758
3253.7840085550533 1.3515303232704927
3531.6241291120605 1.2108279823021368
3129.8992484855567 1.6796894589663927
4187.056963132464 2.155180210477919
4546.248705174382 2.2624259875130144
3199.305656537648 1.3944347925085139
4995.243478525116 2.394176879884158
3116.3669475405222 1.6521534755957688
4996.903673867357 0.7399058845388908
3477.0729815976224 1.2388947865214244
4459.2673997976535 0.9004939883078338
3216.8538481561936 1.7504978537565987
3609.442835139099 1.185426683954163
3298.7583708351326 1.333885159435046
3129.475500260124 1.4784265041853513
3707.1278882431156 1.9868527288455822
4153.901972464659 0.9972471325989399
4084.4093245314366 1.0196063631040626
4240.845062324626 0.970468144590653
3508.002266876567 1.230114438292758
4138.61080302331 1.0029221310358836
4870.709521262702 2.350299142526826
3227.006442602226 1.7508645022275018
3442.96380060268 1.874975867119004
4047.724362678231 2.102248554511233
4014.0708109378047 1.044387486728455
3887.7124629565474 2.0486927429523045
3961.01877369374 2.0732982911421964
3255.1593827636734 1.768460420651753
4553.40478584548 0.8793050871012296
3571.1451826619214 1.9286925546708384
3172.332080222973 1.4390263975389694
4045.6492937400426 2.0988747530914793
3181.793715257942 1.7055144892195708
3445.614593391383 1.8720019922746518
3728.435285379035 1.147008096950523
4230.681618764365 0.9796002800928307
4629.39054450524 2.2710409521662878
3124.491162239724 1.5614390522474415
3201.900240206413 1.4257497893297781
4849.137528253711 0.8004152512575032
3182.017899197067 1.6898829188554543
4861.08265093958 0.7976536257380927
3641.842465688807 1.9483812795747923
3712.848522101202 1.1601219747803806
3253.473147511982 1.3857209111608306
3947.2771300940035 2.0584878916643494
3181.4839300042668 1.6860430166783384
4696.936600842844 0.846602942760723
4755.303506390062 2.3043265425043216
3492.804202437628 1.883866182023569
3547.129331985152 1.2283396886061972
4945.918668199461 0.7752011050401711
4546.4445083613755 0.8926634670226586
3459.293919863801 1.2706767817840372
4554.308035003296 0.8929045105712184
3213.982287342276 1.708768335843835
3572.7113792900723 1.9136669019446662
4377.63962339997 2.187804802977462
4484.010061870365 2.218948190095073
3701.087918285771 1.1714484562174572
3158.3311832448785 1.5072614316106363
3219.9902735442165 1.7062806142637768
3371.967277339263 1.322964263911607
4962.614908812105 0.7785748912331237
3949.606417305605 2.0498362675289674
4122.6573507327985 1.02910494413859
4184.560481159672 2.1247833295839604
3625.4454027448587 1.9296923086276574
4879.918366570487 2.3285822459218424
4753.709027209744 2.292183203974979
4879.774918099995 2.3280850227022256
3979.5424000742055 1.0787988276445701
4703.776130048219 0.8577194312390428
3553.727589516346 1.896768376132066
3481.333781512643 1.8635778754968806
4186.0607263817465 1.0127028985855604
3839.3741350330197 2.005387733237021
4108.689637628812 2.0953440539345154
4279.974824879666 0.9866506768485154
3169.3684871385367 1.574468504974688
4869.3543811165655 2.3187716653408885
4463.061899798724 2.200869143529006
4247.341885807863 2.1357908262273315
3977.567618136629 1.0868631070187171
3179.858092545611 1.599976907425381
3937.482797600954 2.0341784155719203
3752.578140375949 1.9680297770610802
4807.981158248449 2.29713293768773
3230.153197274234 1.4540647425564874
3830.598037931374 1.9956900234967767
3310.8802104896217 1.7524342016634042
3193.572565480103 1.622909081365825
3944.456865169744 1.1010484726770733
4884.8253042195265 0.8166592151453939
3570.255130762378 1.8916401171097488
4839.311669336087 2.3035413085945815
3670.894569440214 1.2022852475949388
3209.715485100737 1.4873921114395825
4142.234869675766 2.0958102926732107
4784.494039175248 0.8482689581467996
3773.090496535427 1.9700676902394425
4656.0729737840065 0.8863620594556482
4063.8019589509754 1.0662006192824205
4348.846130852145 0.9773584399806352
4316.55321919656 0.9871326611340122
3385.600447109286 1.344146757900806
3955.841325736643 2.032702991183065
3206.1818772404604 1.5199832330132697
4673.512409651483 2.2496899332462124
3495.588586846452 1.848765062220986
3325.992595168147 1.3880786424003182
4379.480292532759 0.9715236119077721
3670.5654782330766 1.211353102357131
4961.906701641894 2.3295049543424526
3881.5003596059487 2.00334152821536
3220.1533282811147 1.6311020142759258
4388.881327379659 0.9708078037861531
4621.062914147098 0.9032159560995854
4449.78233856208 2.180253032477477
3857.2580007431056 1.1435719115901852
4457.1749801156875 2.1821270598725095
3526.7232530835004 1.857396503440498
4653.11924262125 0.895577361438998
4456.477828421974 2.1814900586194623
4580.46536757617 2.217016571916108
3263.869455512516 1.4578035494235686
3624.691050682514 1.897822524312431
3289.7430164590305 1.433759459585305
3224.862501673588 1.5763144245914174
3466.9826370305213 1.3161946609051343
3953.0232228205455 2.018805915768148
4603.254709646322 2.2180877832991706
4535.575276854339 0.9368524973568779
3908.8758415679868 1.1332703173716838
4853.717505602403 0.8459058182185343
3268.446988408945 1.4696651975012736
4145.1774736380185 2.0789710566073425
3682.3337410994845 1.2218737373341066
3332.777879974873 1.410617289579133
3426.4857861091664 1.3469592121299723
4551.663577868865 0.9361371257395451
4142.73145525098 2.075404145800989
4449.652003422251 2.1663083519095094
3508.5159529456328 1.8301282921089272
3451.363117654938 1.3378467650209962
4560.550989409091 2.196942400410474
3669.6114154830216 1.9026289136150838
3659.3092721203525 1.2378898234086841
3417.1438792816953 1.361543279393857
3725.6845374648256 1.9237328067574482
4036.3870808340707 2.0352627224988784
3509.32875573869 1.3095342908603773
3698.897887769982 1.9122138306263632
4349.901524812837 1.00245883746292
3999.9339561600937 1.1135913618541666
3273.7934111371324 1.5023724011523083
4913.6244857321635 2.2919465524637173
4393.412387921112 2.1434326376363355
3432.337223723128 1.7759087385861099
3466.243098951571 1.7957231377220764
3518.7682627291833 1.3125091809722969
3577.6580190958325 1.283769804041795
3356.0426668664395 1.7170360607316464
4356.3957532149725 1.0062371347611438
3646.8578729804867 1.8826139009778742
3614.7071428807553 1.8678174198142026
3521.962040385302 1.3134469646481362
3492.9372260133723 1.806695224315766
4984.832920585831 0.828762050048267
4133.117857162885 2.0573780863963043
4958.1993239177655 2.2964115811872188
3494.5530380426612 1.8049645270376788
3513.874388795094 1.3208351754578957
3284.1472845513495 1.6070519858067138
4397.2157662617265 0.9980071042948699
4819.434873284227 2.255681701245164
4060.9669845122276 1.103926526382478
4977.559243002998 2.298576326224376
4549.7344212268645 0.9562236758471525
4611.394303906927 0.9387719603890076
3362.2167243798735 1.7062950846330622
4612.694121646638 2.1930485810824933
4475.95765461203 2.1528070745752816
3370.5347181199236 1.7058279243513406
3294.8023419525075 1.5723016168751631
4811.898445674295 0.8862290188878443
4674.608742806463 2.2085485161912173
4341.241405386442 1.0232058715712231
3566.9810680579235 1.3065842820037241
3322.4640579348356 1.6414776121660763
4053.816581596742 2.0202815291601643
4553.624735069002 2.1720156904035957
4024.794886485107 2.0101678908574536
3667.9617862838504 1.260965240574704
3428.695973685462 1.3922251458905008
4248.635749262344 1.0540813869971701
3815.2026680961494 1.2016280836628321
3794.6887083173056 1.2104021295123555
4248.386224668123 2.0786981600891434
3325.2435142845493 1.5108180280816739
3849.479422888041 1.9436017574135362
3327.707191866505 1.6256568605419255
3439.1877857152554 1.3913903377676495
3341.8841620095836 1.648865629698653
3378.1062499074383 1.6923854113160075
4367.055431458051 1.0228621941871023
3318.1618452573393 1.5772568762122874
3469.1454548526935 1.374698766146155
4479.701821491741 0.9909253140933701
4632.646506430327 0.9470714216719429
4124.443393515861 1.0998098208575073
3877.336825647901 1.9490073885938912
3653.6485697778503 1.8576394149151427
4887.998677016626 0.8781596538306078
4989.1042321465575 0.8504068758690412
3496.4769845770297 1.7740803575532698
3335.096246986519 1.6129693637758158
4326.405705547516 2.0947061975256527
4134.425257776104 2.0348647500670545
4134.85571385469 2.0342156946037493
3857.6472211786245 1.9384601661241925
3334.1679297938604 1.5939241775440305
4513.055344519062 2.148123404610791
4644.121685932936 0.9488743574556489
3788.1087629335107 1.910492202869541
4331.63423151348 2.093451931973811
4356.047926096695 1.0348359098362006
4525.807290028247 0.9854479000482008
3355.948275305672 1.6306486561207698
3604.895707333351 1.309705622450445
3342.754638288156 1.5436547568736576
3357.4259240757006 1.6323337110737242
4659.326880230447 0.9483459573718469
3601.4400227131478 1.3126659986178542
4307.3106366734655 1.0513980309316762
4585.713569462084 2.1638602400387947
4704.702228152188 2.1969035559676833
3388.2248653633706 1.668388345323538
4032.739182471921 1.1410720309548539
3673.5204853751384 1.2819309998029567
3930.7279889609968 1.1783028008706322
4648.892546556428 0.9551668769911499
3358.5105688857616 1.58396510293843
3673.8365398856367 1.8498711672880481
3861.202787038531 1.208810497762272
3413.0613552481086 1.6773095141714702
3778.0783869387683 1.8919921642266586
3769.4369060270537 1.2475073675380017
3366.7397843731183 1.5550317688942024
4421.057790143733 2.1074013146944446
4157.144412999766 1.1080689413452192
3368.651277434542 1.557939286261518
4603.625470257561 2.1584297347340855
4899.6122351164895 2.239644340644028
3948.148434708673 1.1807458861338502
4455.389145154785 2.115692248622274
3520.1541062063666 1.3769332796109008
3381.794386867123 1.6165660092812952
4332.345176476382 2.0789545744627933
3457.360285475115 1.4256934458624806
3374.4684817731745 1.5609276375797896
3416.350296146004 1.4694129508812401
4036.234039002257 1.9826819510279525
3578.899145580407 1.790912629622777
4771.180661700372 2.2017477244445094
4162.018166861417 1.1114614102753846
4148.581896993794 2.018556044329352
3383.3682005811497 1.5444627134702609
4698.451506118291 2.180453533220045
3392.34864035211 1.5201493662972871
3515.4877676438305 1.39051885881593
4400.009473566547 1.0412639359719438
4387.8099322101225 1.0449479898395317
3704.1251561241093 1.2881181141041549
3401.1769540519626 1.6166822493026232
3808.485502750419 1.8917694374791634
3402.9292695975996 1.5174274415253446
3588.5474897290983 1.7869877676712445
3765.4832043514343 1.2629870675377928
4563.5043023780045 2.136628471746214
3466.5127596451985 1.6975934578902532
4690.220121454963 2.171857049837136
3492.9931166242195 1.7195969530488453
4996.267343206241 2.2543896484753816
4536.99209153186 2.1283466409018374
3634.4818049712135 1.328075683992428
4472.451881422859 2.1087768414780452
4216.431082983226 2.0315367510562967
4892.581509593574 0.90845333160175
4434.441852714238 2.0970894901540484
4640.610877607153 2.1553768107402527
3508.267224849605 1.7263639132708992
3543.996202956759 1.3844254080068887
4855.834049030607 0.9199536901126866
4569.741737023104 1.0000003687888426
4865.98200252003 0.9178716579047147
4576.03539615411 2.1354678352988787
4459.255666807417 2.102004516327624
3592.973169284946 1.7793051595870861
4011.635065741676 1.1752740842125082
4952.8853032005745 2.237185057205554
4520.737723119763 1.015827883581446
4732.708170108544 2.1764113108321537
3538.040013854022 1.3963634543084082
3513.652758908601 1.4146955391386535
4464.753731593123 1.0338038424537002
3478.70728122379 1.4464072861331885
4770.319166846822 2.1858316657960497
3733.1684164313288 1.8459073371358152
4648.096294303473 2.1512305108629564
4515.6997242955 1.0203468837996739
4186.152804224809 2.0140347307186954
4979.444490976272 2.2403630472949896
3915.28733546421 1.9177983453702012
3448.2677077198045 1.639701830182938
3485.7043558583473 1.449597104555455
4775.0008675232 0.9506636713213756
3443.119738969792 1.6230234078484151
4572.399728758341 1.0091560001817579
3681.2518970141346 1.3223473379567352
3649.67759565274 1.3401003352832266
3818.255147172695 1.874495876082625
3703.321310359068 1.8222998890924522
3439.730386389574 1.5427447405973287
4200.739725190718 2.0120828671806743
3547.346751828528 1.4077505255034346
3529.6764788260816 1.4224045302524628
4433.140435732579 1.053302927554345
4851.179700016835 0.9363592167052136
4403.044674079636 2.070853060780247
3469.722103136824 1.4930300065230258
4020.8989190555667 1.186791947881729
3659.285927282083 1.792250857317793
3633.5157941006587 1.7764836518553344
3547.9967529043342 1.7175748766939252
3471.947600336909 1.6271233616511152
3532.282344973432 1.4353926875623988
3471.278801954432 1.5133987607237673
4946.921717759773 0.9164401635859852
4764.247996938427 0.9657946604625461
4096.653860036138 1.9688354032593043
4884.240412335578 0.9336533617240244
3609.817170436615 1.3829249702598634
4863.715896267183 0.9418858510274825
3499.0618996913113 1.6498277977451008
3781.3497527423356 1.2934922397577095
4785.403313853416 2.1687172339930307
3972.1130970931363 1.2151650896418738
3816.594483986161 1.2783244194337149
3504.1817878162888 1.6516157224896741
3576.9757667578483 1.723118432483937
3935.673914790513 1.90388908899275
4553.175194971965 2.1023248115511417
3885.8309371756286 1.8836224375011636
3565.0287421041294 1.4240115410474747
4728.244696571381 0.9830830281581981
3510.4788428252996 1.4821491646804799
3567.7177741627347 1.7117839805428001
4993.505865535206 0.9124669329924698
3842.08268028464 1.2715915839202265
3704.830204276514 1.3369082321619437
3781.1520086943865 1.299144692549356
3494.2578651072577 1.6223272240913147
4305.22329038232 2.0259378684182026
4418.044973897091 2.0598217811524204
3757.5880078792798 1.3123888094407323
3828.1113104108063 1.8548302844008946
4091.7109576041903 1.9555825388413821
4619.648608560494 1.0173708045173264
4834.595310471605 0.958762716253211
3982.440770326796 1.9148638355593848
3911.3273590433005 1.248486345941788
3525.006457790394 1.6517590596544485
3623.230838271326 1.3943648586831818
3796.69267580497 1.835752616244784
3598.7638967029447 1.4136084564510023
3566.526697236466 1.6920242635448026
3531.896428487254 1.4833137258860656
4956.630256140819 0.9308279550841876
3742.1066799743253 1.805098906509184
4797.9691030165595 2.158907704779654
4270.710537043221 2.006945581731308
4261.849954733424 2.0038621573780464
4473.11970775961 2.0670250192093835
3571.8501227878405 1.6891328706410658
4576.525775113448 2.0962646812573005
3642.183204283217 1.7431128129787015
4322.470398428689 2.020990957808466
4077.405774261497 1.9403633413588102
4584.839933291161 2.097622556113004
4920.471312946634 0.9442785325679659
3749.8806828613265 1.3307405381886848
3588.6740677239673 1.4369181937210322
4678.775996324281 1.0113660775887687
4418.174693265944 1.0872756136683015
4318.198407996782 2.0163134533943796
4554.314937042276 1.0476329374156834
3982.3646502520523 1.9013367548427245
4611.489422586229 2.101428302450111
4660.842869993232 2.1149042197601617
4094.42454253036 1.9416894258530206
3532.4106044901564 1.6112551872303271
4540.128771237964 1.054807744694966
3793.0290172688833 1.3176666295122108
3531.351902526283 1.5852267642354136
3939.490488986536 1.2545011380823874
4741.142950031685 2.133278333492179
4633.10454362399 1.030201496855374
4588.624910501479 2.0906871269603218
4939.251601944028 0.9474153510530298
3852.871297523349 1.29235437497726
3572.1158074406103 1.4760866380756055
4078.2681007423225 1.9301612844106013
3536.352462507309 1.5683363820208278
4293.33700461703 1.1326440664612014
4748.989625139809 1.0005718836006636
4143.596149273569 1.1827042921381317
4534.587935982166 1.0609862878639988
4585.811768948873 2.086453721201338
4093.6260054370955 1.9330830566666009
3556.347142568703 1.6233431325705538
3865.340287629554 1.842583396563133
4133.769911166645 1.9456480430144811
4447.229242745911 1.089292994628631
3647.1080304250177 1.4159088483717823
3937.705456367213 1.2628779808284012
4523.456222253811 1.067382438549676
3562.1333109553107 1.5102400828413254
3559.6723287314258 1.6188761335107837
3587.878128878132 1.6595456446298174
4870.810079278358 2.1604361291378935
3794.764004969618 1.8055905358718
3722.26889814934 1.7657506832438667
4450.474064338015 1.0906711281960866
4764.25595833628 1.0021558513438062
4976.471166507454 2.1867631463824764
4112.811990645632 1.2001134154599116
3602.026929113306 1.4646220011990265
3556.5326707127147 1.5796255546819424
4688.475456190651 1.0240324674827204
4275.040500931653 1.9880168757249508
4487.781112925517 1.0813551342011014
4980.341411191723 2.1865849083315076
3997.9335751112394 1.8907694146433907
4288.03573741982 1.1428174058490954
4002.534731127016 1.8923306541444769
3660.163029073572 1.718328269022229
3782.357820238795 1.3421259481017123
4054.075019825049 1.2247432277957013
3997.298415992912 1.2466445739298762
3634.356526169405 1.44171175754648
3878.467367707429 1.2966026866552032
4935.204178474373 2.1714443626906372
4456.601918467045 2.0394192413978014
3887.909906820717 1.293718873575512
4600.708761546458 2.0805925953199065
4111.519530839628 1.2059267771078996
4893.322836764084 0.9731079484554986
3801.790430674477 1.3356425636241833
3716.8957808269984 1.7509556275409703
4507.649728914625 2.053087001870861
4021.386080249767 1.893852943382324
3850.1201419184144 1.3132928918001638
4193.771940803745 1.1795534567578136
4268.190043886453 1.155173493800619
4672.103424308604 1.0353671366472914
4442.707923162565 1.1016189581368645
4660.863078119714 2.094523818163505
4160.2056013125875 1.9421939301993008
4576.950910751453 2.0704666417274087
4000.4533064522916 1.8828443293727821
4888.836195918254 2.1547115898505114
3706.094608893231 1.3986388807989338
4696.948447372158 1.032771975871793
4475.616500801176 1.0961013245326128
3785.241272989454 1.3542429832749059
4547.512458330538 2.058272733156092
4258.169711864588 1.9703627444072704
4769.665077138983 2.11973593892999
4987.8614758733165 2.1767960194879676
4640.735996025335 1.0498263944007256
3967.8137911058066 1.2701014588484627
4029.22948227807 1.2471752243736312
4339.979357449355 1.993719831500137
4492.50057170741 2.039593712356498
3653.7381337684456 1.4535992692344388
3655.981155960043 1.6823101430743956
4394.7837279285195 2.008902759749601
3988.6035840806435 1.2661749786981762
3631.8990452439034 1.6515609514970104
3713.4017242096193 1.4079857368718438
4653.729082527795 1.05114147493674
3722.096649506348 1.403701365776817
4222.646962909892 1.181979920217378
3605.0589999375134 1.5830632053819085
4120.941827719835 1.9165903144803693
3606.1109899772287 1.560896452609906
4789.815775581518 1.0150377863661424
4387.752852449567 1.130537605992019
3781.1592387781075 1.7660129664842068
4461.128959868598 2.0249823591921183
4660.993778732289 2.08207913436106
3688.988890620557 1.7015104010568254
3615.7113085277824 1.6058723823528014
3740.8886728514844 1.3973598485811325
4776.77882287932 2.112081209774905
3713.765591872377 1.4172321030406512
4307.01112336682 1.1585602803973634
3716.2661102245033 1.717966114008194
4699.1472399501445 2.0899045852270586
3767.2853529165486 1.3826665785700865
4012.9324908237145 1.8707959569528971
4846.009642650109 2.12920693876883
4695.296056792639 2.0885579566322576
3774.4312904894746 1.3787457362510331
3618.876531081687 1.582012971795967
4394.976410503228 2.0010465138174065
3624.677713653602 1.6029742129637163
3777.2841056212224 1.755905145968724
3623.2979312569 1.5485401872624645
3634.9612059097276 1.6195886377464703
3813.9501094207008 1.3609289643102063
3627.869365137268 1.5901713242890876
3707.1340374174515 1.4327397623439282
4974.54654247316 0.974007088318871
3658.056822164154 1.6495341878209087
4776.208603284066 1.0275503522081644
4089.04703834788 1.8925367354248974
4240.634488185794 1.187998214970898
3729.2532082601883 1.713617206042225
4310.887721973745 1.9690004360600362
4398.560262891259 1.137331185922239
4132.8514567471875 1.9085453216370916
4889.684357737244 2.1327510841667627
4411.843586694616 1.1360211514451783
3800.572979240535 1.7537070532656371
4728.226674021712 2.0861010698303404
3687.245206777258 1.4736699902508166
3651.7883376938794 1.5982124665380832
4948.023478865774 2.144237335252396
3788.6727102565956 1.3905044944034648
3764.901490031413 1.7283781961033367
3664.025786234775 1.62394469555858
4120.5392254729595 1.8971567458085847
4645.898871281945 1.0709078422132159
4448.552414804235 2.005064170710589
3695.168792458722 1.6664095535466439
4879.032729921907 2.125062130664832
3775.769901947455 1.4017946211358019
4517.098300123796 1.1088576002641208
3670.9598230871175 1.5049426545514697
4496.691459547193 1.1160817526369065
3816.983453225812 1.3791691528199113
3714.9556512733966 1.4558843271748085
4183.179148011748 1.2180858373982992
3871.5597258999455 1.785338697497912
3673.4646133899846 1.5112693382769933
3661.6538182780455 1.5472410278472837
4082.577223157596 1.257082525538492
4625.145602684989 1.0815601817712561
4167.192358043065 1.908080939307263
3824.972553777762 1.379731163730892
4014.6683183600458 1.2864690850003544
3959.29426566609 1.31081862879271
3760.0046538363986 1.7102252832172666
4586.389882404488 1.0946177550949037
4166.548155347169 1.9055101103572984
4864.842615412644 2.1142853798294463
3828.46334469671 1.3800525329163815
4618.716149795737 2.0470643641658874
4719.757560714567 1.0584943040952324
3712.8089305599956 1.6604251121615736
4388.324177548556 1.1558350234090335
3833.267309354246 1.7553446169998574
4555.498721496806 2.027323217777202
4307.88280522607 1.9512348583767298
4646.8771696273725 2.052908220402899
3832.9720830560645 1.753251995202145
4662.2583555833 1.0763690613488321
3823.909568033016 1.7472757017463587
3852.526681296477 1.3705036507142199
3706.2672781587708 1.6453210217807746
4566.299423768269 1.1043178310208248
3999.129510415685 1.835656927835092
4524.498680318264 2.016706210213088
3692.564644048304 1.619867943132234
4279.011696633038 1.9390050586603538
4531.761370723711 1.1166648710432485
4291.736483050493 1.1917922752720187
3710.671205584556 1.4975847711981634
4572.822143523895 1.1060102756432568
3871.6838131488457 1.7682986269475405
3919.737640941968 1.7931454673513745
3692.23664779368 1.5526212509614523
4166.633250522536 1.8961586851041752
3888.351981990026 1.3590006375028756
4370.559966596104 1.9649454001893443
4320.486114533054 1.9483385333686942
4906.296360393876 2.116389612482523
4295.385611693203 1.9399999827996142
4512.264435750322 2.007451273612183
4104.086536820464 1.2637269800107542
3940.4108055634265 1.7988712013205055
4908.841118748212 1.0172138590548832
3852.157519467928 1.3838602410569092
3731.7112017315503 1.6512542070817484
4741.185059707487 2.0700153524601874
4937.22118814499 2.1216035542642926
4555.117442074287 2.0172601375888966
4027.4893360352194 1.2973215130581117
3714.33471147699 1.618066511870812
4051.9079655072446 1.2875358624487008
3724.084604268395 1.5026063325427153
4344.280168726965 1.1820949821022908
3822.0981258858264 1.7257616823360946
4405.017711438585 1.9701049029467719
4102.036151536273 1.8650107295984168
4540.1204974638495 2.0102702655257865
4704.756617520755 2.056970862519322
4727.756136183176 2.063016365985408
3862.6472853575274 1.3842914939572175
4631.191663712938 2.0361419172053408
4595.957114400682 2.0255450448614045
3734.1795079971107 1.4976020157850318
3819.6998942818122 1.4149491548244808
3815.0769024550013 1.4188047613690757
4072.0979470919797 1.8497569393991213
3719.9713098567613 1.5994918249006114
3892.129974588564 1.7637144718409947
4594.765476081174 1.1097884768270971
4779.572488414633 1.0583617182198364
3792.606688700872 1.6942766771464775
3958.9634263242083 1.3370653911746693
4953.077544747107 1.0129054061295208
3758.106829644472 1.6586184215299868
4840.49735614892 1.0430554928020659
3721.1591591709143 1.5856672779036542
3749.3092071621686 1.64542066143935
3985.227485820651 1.3260451153859558
3722.520943167451 1.561140758405212
3725.145886119027 1.5550480489657041
3792.0009491873693 1.6866109078107487
4346.113765134682 1.1898216161999575
3920.983077176885 1.7728856683267447
3954.4682257403147 1.3444847146497039
4546.58499148399 1.1285494434029275
3756.476342857895 1.4917974360787265
3899.060133425968 1.7585789387069577
3739.0816032872735 1.610283818418918
4617.523250445141 2.0238995400325384
4795.462911206896 2.072726590501656
4935.430916406612 1.0236371924891055
4339.626179435275 1.9373243746942106
3831.5737152880033 1.7091775754313263
4279.435234378784 1.2169170223474521
4014.167439695486 1.3215141436749924
3753.458141146913 1.512020573179487
3801.400911711985 1.4519756993362396
4834.567330107072 1.0520216161532023
4265.185278959586 1.9109070986804237
4788.6525005422345 1.0648466738715576
4574.238375457318 1.1256715708990828
3746.449884577775 1.5433017440715302
4945.78816422104 2.108229916877224
4102.603450697416 1.8483382470989553
4105.241187650687 1.84837386088647
3999.9367497985218 1.3321809831095177
4864.793283778 1.0468234982419917
4078.0573000506984 1.8361504690462669
3899.015582084129 1.3872907712704097
4515.947950774065 1.1453139507801242
4321.993004151106 1.2072812941396998
4947.42408784574 1.0261049524605663
4356.852710946181 1.1964704894075822
3772.04652687074 1.5033718357391996
4517.041260634391 1.9854364080694933
3817.048041013069 1.4541430883009558
4792.732234293837 2.063019749084828
3916.249626423759 1.3828165546128661
3924.860592326243 1.378747172986954
4495.272358061373 1.156117519681393
4357.062569631658 1.2001580599160477
3911.8704169852713 1.7458293034050993
4065.1099485560303 1.8232073240768474
4948.973380511564 2.1018439439906893
4654.757900184636 1.1107047899898228
3781.707201325462 1.626507786653634
3809.432430432935 1.663576997271559
4570.502886425487 1.1355637659348823
4745.930146902259 2.046917138124479
4140.525584361631 1.8529421359523606
3868.4962447191942 1.713502569523918
3769.2273953753684 1.577377723238682
4838.523444148367 2.071225068902378
4599.158357730899 2.0049093670069067
4975.494640682194 2.106338100160007
4651.358828760141 2.0190555981861693
4747.394263398407 2.0457101459667975
3999.8825734399884 1.3454797495361808
4663.425622015156 2.022060810609146
4779.15209955403 1.0787491744643027
4842.6610198716735 1.0618791621245414
4190.680507268616 1.2640470642811725
4465.506221395911 1.1704206464486941
4730.958020633011 1.092803909332189
4689.486554949189 1.1044410188284004
4270.306422040695 1.2353089975558806
3793.499347330182 1.5066677341566839
4062.4072553191295 1.3180272864778868
4204.872620374646 1.8741482872786275
3843.026435875097 1.6856491079304037
4545.138387878853 1.1470470850557417
3794.3982022624086 1.6268502318659699
4488.014093384609 1.968513332168953
4050.103968941814 1.8093286733058427
3807.0353025830527 1.6445894954696
3812.8568661530826 1.6514796221630992
4365.054457667697 1.9290382649616142
4201.683718197862 1.2630997154585641
4256.003197504101 1.2430394267620573
3785.889726394201 1.5405031021924558
3836.835616900643 1.6741180714274115
4419.636690446445 1.1880551066891558
4750.5551518218845 2.04185905922881
3984.10674610066 1.3614335805604079
3916.09302258662 1.402158966577349
4498.876233643655 1.9680759335122147
3838.185553560074 1.6695880449820182
4216.338888970326 1.8731807922613128
3790.708742743708 1.587441681323799
4054.128964971363 1.3285327642136324
4033.323045237909 1.3385491264824727
4418.976429306137 1.1911035166138793
4652.381282838523 1.1205628673744166
4056.638436109749 1.327795467600539
4034.8785606571605 1.3385856458833545
3852.796278087127 1.6794703431363387
4980.0851788379705 2.098370608256758
3988.401395796143 1.7689729473397409
4763.051585849087 2.0403837657535835
4689.719298866533 1.1130145794570854
3952.946536562052 1.7472091260433191
4299.188815067187 1.898049443937469
4077.735002824266 1.3240169637412482
4041.079389362785 1.792790649621737
4565.227474669985 1.982552431820522
4245.060842031366 1.8777696839602742
4304.18964800776 1.234803514039265
4002.8495623479293 1.772919676791032
4652.436553710445 1.125573570695387
4149.674715244345 1.8395853990755484
4823.822240212262 1.0785751828293337
4453.083199557353 1.9469616242806271
4277.228018799258 1.2460405329314312
4930.157603750335 2.0810875056573788
4695.574668818281 1.1151419076139415
4099.516973858803 1.8160481267536561
4583.756698576529 1.9852252698104818
3812.755336744895 1.5846391539354665
4948.361783431292 2.0844921854652947
4256.707094999956 1.2556535422359005
4745.758198766581 2.030405333515932
4469.237911256018 1.9485370369476476
4734.433083869477 2.024655351985322
3870.2331223832693 1.466232734135309
4158.226579678766 1.298203830571776
4109.452470200677 1.3201978872980638
4408.168800416246 1.9252105670064021
4482.409594762732 1.1845909921311466
4089.636454660319 1.803666538660618
3828.747386859184 1.5634037332757182
4203.310532213429 1.850489308732795
4006.8766041531494 1.3739113505757468
4285.990305708383 1.252163819838486
4973.38579354895 2.0842478905850044
4016.1569797188354 1.7636818152005596
3855.144209736498 1.6335819460654761
4743.430759797084 2.0216572113158673
3928.717370959216 1.4275000179650246
4530.1045976708165 1.173840172008186
4987.353943997948 1.046358889294505
3900.8412783479766 1.454415368097126
3870.6267128828667 1.6472861948241473
4578.9265680235985 1.1602089673268943
4237.077489694201 1.8588532561801125
4858.404163983687 1.0813723098793087
3924.1815058438237 1.4353931826004394
4843.381509822324 1.0856865556640432
4888.411645833778 1.074528899524109
3934.8095238383044 1.7048275177582444
4993.4505317254225 1.0474558820018693
4971.820172522185 2.078308977139832
4180.041663396324 1.8330571177700394
4793.457855051848 1.1016810638310073
4102.24073873028 1.3353921497622068
4996.90386119343 2.0827503455123653
4086.140246146955 1.3454109312746851
4758.439035325705 1.1132118210831585
4638.451698927009 1.9851757225693953
3966.821766126604 1.718732098636779
4804.41919958008 2.0295874133368565
4959.55390205851 1.0617612986679759
4634.233729169886 1.9814540768057156
4508.045724250872 1.1904486598216415
3931.0725458758643 1.6855692050606685
4129.37928358287 1.8034147825670823
3865.905519075103 1.5474083186781435
4593.517875446743 1.164787324427533
4323.261534598062 1.8804484771313827
4373.24132044609 1.235441286831481
4554.820603801648 1.1769063119923828
4951.001921663067 2.065865869332953
3870.2543851173705 1.589349568952086
4318.709730168732 1.2563399036647547
3877.9005955748116 1.6091057610496955
4115.288037872159 1.340369258448265
3873.09735770451 1.5585636398203406
4859.025217062285 1.0929890525869044
3939.8376970236686 1.4506947224508355
4016.8132601984057 1.3967268781771762
4509.758323312055 1.1950682139308195
3933.9170062881976 1.4587342932444918
4535.931532975073 1.1873415890037318
3881.153116272997 1.5878436895699117
4403.59143825255 1.2308960133991003
4017.447410708194 1.7356010922184981
4485.840427396571 1.2056960200987534
3901.9019744225575 1.5079415077211529
4403.066816852392 1.23348218690992
4527.890181780273 1.9398853530426896
4899.077221979437 1.087148019717988
4259.915562620728 1.2873994437174017
4326.175199528539 1.870998834000564
4612.74781033484 1.964222258006759
4472.209837025504 1.2123888202386566
3892.639548792095 1.5575803909839547
4700.686474205475 1.1449391991384468
4749.974585408142 2.000619481570751
4846.231664993459 2.0265507544732784
4198.120753365431 1.8154446022767188
4202.7038510148195 1.817368535575326
4409.182633775602 1.2385459214456909
3966.8694698694385 1.6792418638251583
4047.4976424634765 1.7377200683009566
3917.7746106335303 1.617267759077767
3905.9546774624505 1.556688659525596
4256.241209512832 1.8369163674676783
4120.753525598273 1.7765777597624213
4505.912697674813 1.9248209351683296
4293.036442374147 1.8504736498373509
4965.156970477748 1.0771578420048584
3955.703693049631 1.663711699540327
4708.795195366916 1.147932698667636
4654.007735489544 1.1640967007020258
3947.808382503902 1.4820542833992172
4725.5283395042115 1.1436749652275982
4046.5891933913417 1.4028657876054125
4569.931926105268 1.9420705218231749
4089.2718416956754 1.3786173457508017
4351.654004800303 1.2642322652689273
3999.226374233858 1.4376084506678941
4921.3575262325185 1.0915411285802588
4549.537676967724 1.9349486116713943
4289.093662959333 1.8447282657689634
4699.764473583747 1.1533691679356202
3997.6153742443885 1.6931404604091655
4556.487576629694 1.9359877777499337
4183.646242407688 1.3338252206807233
4505.876089896411 1.2130799846997957
3985.6093104575216 1.4557432821932952
4747.594465309741 1.9904428312245332
4627.085379867171 1.177085664930877
4432.986616773452 1.8927612406217482
3928.5558609124596 1.572991114870391
3954.9837479772827 1.4960990218323251
4049.925874917804 1.4113888883266343
3942.5865610282663 1.6144347564786792
3935.6940457956475 1.538163618606541
4283.206096134924 1.8362943883380742
4477.140072280062 1.2271645388121608
4486.320205962783 1.9077092999664655
4610.654364210572 1.18707096440824
4485.73754919836 1.906228543616925
4503.263686184674 1.220999367880824
4112.885995898837 1.7539999643908
4651.008422598649 1.957234469804068
4516.482946125549 1.9153970866427856
4121.132373154626 1.375844677738491
4374.4386904708 1.8660034339001879
4945.608475328859 1.0944988888785767
4390.114749444172 1.2617939406869303
4120.201992407043 1.7546426102923527
4518.930929213803 1.9141862627181063
4819.251703597419 1.1295186868417018
4567.001712892092 1.9281967373111661
4119.080376841376 1.7518231876601527
4972.044710140061 1.0895583678085927
4011.22370071177 1.677578561488128
4525.621979412315 1.2179878589857829
4676.18712514722 1.96052053999829
4089.3412662495984 1.40059904863971
4610.35547367336 1.1925538763534993
3982.3296315488856 1.491265903901522
3991.1895173476355 1.4803964210692626
4761.573272536943 1.148402296645202
4543.081201127036 1.2146545780876308
4082.3911850621253 1.7244345635892129
4932.088227560652 1.1033102335592997
3960.7504291027244 1.5818908526947972
4168.099879767179 1.361745264045498
4299.515486074825 1.3030466323052607
3963.6651273377765 1.5417520794700055
4212.268977633845 1.7922787613603235
4000.0099481507564 1.4800845600991925
4794.842526345547 1.1417494550777942
4936.276320070178 2.028491092695217
4016.9803576857284 1.4631355802201484
4314.914493829826 1.2983992269951423
4337.09245576523 1.842561762644715
4385.490345399201 1.2723645874253489
4800.450459821559 1.9905976422296758
4001.5219472430126 1.6501410835349835
4097.351182138948 1.4053575190440497
3969.0048933788617 1.547921405995991
4091.5064590389084 1.409327266446512
4015.1616814883887 1.4714244549776891
4004.6203810993206 1.6501134441735583
4262.586166052148 1.810199707768043
4041.146250091387 1.4489095199538085
4063.2989683956257 1.4321653029633306
3972.679339960822 1.577696699293419
4642.9977635701625 1.1899079952697487
4190.302072946912 1.7756306383891183
4745.853454074101 1.1596829342139112
3987.856207276751 1.6179510333000722
4562.417008802608 1.2155261331366705
4266.55171855578 1.809717428153353
4495.108464852719 1.23779595489083
4530.0289638983295 1.2263683203850615
4717.611134361311 1.1688560735148195
4251.268628218604 1.3314377232514971
4193.526523550484 1.7747244086160918
4753.504544679919 1.1593588524657323
4435.46613905503 1.2596203071498058
4992.283203141443 1.0946070376413324
4591.557679390349 1.924430793232952
4675.967191632763 1.9495314895884548
4118.063064714456 1.7311986827345058
4169.673449102163 1.3730919492878393
4281.6754261909555 1.8124579077947647
4343.256357065158 1.2957161207955652
3994.133235673696 1.6082484118155538
4049.8705311479457 1.4556086339687004
4193.454240297938 1.365133281651122
4127.182578588467 1.7316152688918336
4035.5388916140073 1.47476979387953
4653.9637502640335 1.9387742091683307
4560.546075360488 1.9097284969550508
4025.70273884103 1.6468072984125033
3995.8990542153574 1.5441085534622803
4054.016192108935 1.6724468429176962
4936.295196299326 1.1153530097017816
4180.243753320899 1.7570880951723793
4915.2601135403165 1.121465298220445
4064.2411596877414 1.680167441273741
4117.939305558562 1.4136278644921576
4162.549566636657 1.388311574741012
4625.939382124344 1.205985169057563
4971.816463532877 2.023626255133089
4095.0361026051496 1.4339243110343551
4053.1600718570357 1.4712756173679318
4263.947842560778 1.7931492169110899
4397.405877978993 1.8475081255053658
4166.254878205613 1.7433885380568872
4450.306099735855 1.866428876849659
4076.682524929037 1.6807187812650468
4186.838286605993 1.3798856957681114
4548.894121895588 1.2338201974007652
4970.078369131828 2.0200381539286134
4496.3289766665575 1.2525502591988067
4104.900687960717 1.6993518363034132
4253.96023505132 1.7843317757819805
4371.788955761158 1.2987556311407655
4364.958832583382 1.30339689395278
4023.7751512357877 1.5443176174704774
4896.495759328531 1.1348037632193113
4967.495053570844 1.1165443601964442
4204.434495158497 1.380403590764485
4346.387294617911 1.818383916919003
4766.827787544575 1.1732656972578623
4125.169338598852 1.4296520126803303
4771.933140525323 1.9602303256695957
4521.04324914294 1.2499722703980856
4500.014219995176 1.8751589375985633
4198.9478600146895 1.3847085775745558
4357.875288654006 1.310851666777977
4133.077180523105 1.7078353421186776
4829.961465169277 1.9756517506902105
4094.739006021701 1.4563823299274723
4679.627183622789 1.9320316904299617
4379.22151368799 1.302901815161294
4558.1693819383345 1.2395628040833615
4761.553737569156 1.9550362918005284
4416.288128124344 1.2902447173564662
4565.0919034926155 1.894097243972965
4310.413750325336 1.7989121691861654
4249.125368680992 1.3627597019983588
4233.948839971518 1.37044371992251
4134.657263737367 1.429775809707585
4322.599861683205 1.80365741538664
4195.296942565459 1.7414476526354565
4054.75344493841 1.5191634375533085
4193.832543402563 1.3951924983167483
4095.572922636899 1.6652977564553568
4331.661619018474 1.3293712054057067
4685.556266584384 1.9270319771569688
4810.059226261481 1.963148079637528
4263.886639187074 1.362933671840459
4164.76665905763 1.4197636975231824
4055.699468958652 1.5786779033070681
4306.427631245443 1.345184489628043
4907.660607634076 1.143677129765097
4441.1122237681 1.8429107342102926
4888.846124641503 1.9823987236825948
4059.448563328952 1.566910296857458
4697.310220573305 1.2052099776975376
4888.773215265033 1.1508234910877437
4659.021168782891 1.9135701640791172
4570.99517906013 1.8853011197125553
4791.1171564194165 1.9526024737780987
4403.898837076101 1.8248183358327053
4208.52043872837 1.7323147572244326
4522.800274688587 1.2644861559727913
4525.831182925223 1.8690317971488053
4068.321413705919 1.5699632941817157
4440.747141754098 1.2948422704483278
4633.690582589535 1.9039274014469545
4184.294346391796 1.7148687576421355
4572.74902152165 1.883877233923613
4829.810244596182 1.9619632377533107
4164.111516967726 1.4325910872880407
4722.32276645956 1.2019594924818897
4593.536693338247 1.2424126324531288
4576.994949138357 1.8838123824293742
4459.587055958729 1.8425158944030233
4256.595797108154 1.3787041519600223
4253.617508427713 1.7516848228358692
4971.983998762264 1.9985373411664817
4081.114783419123 1.5937661753840229
4138.281873461354 1.674483787186545
4208.370904336459 1.4085304506423433
4871.771949763456 1.9706385685862282
4625.500148266449 1.8972852707536811
4430.271798817289 1.8288466922252917
4286.319646154745 1.3678477191181144
4654.076269929237 1.905101821713785
4475.994364075775 1.287999235948439
4370.080532530426 1.8024963659432696
4146.627790281809 1.6747143031217855
4398.451419850368 1.8139156340724063
4619.615041794638 1.239002908642247
4231.805278598117 1.7339695011923564
4948.065785822798 1.1429527550812684
4215.964636486329 1.4099192357959394
4133.448605825015 1.474212914418943
4363.959932245234 1.3352090591318961
4361.5083529518115 1.3365112557793724
4528.887353221995 1.8589095310745687
4868.352716069322 1.1682735241891582
4481.120011968307 1.840840888146923
4100.974604263058 1.5857744715373179
4169.600481450175 1.6822986339298
4322.118132028704 1.3589183061106394
4778.468653840696 1.9368796340701633
4491.925724531486 1.2887431745077391
4110.037729828633 1.5239700044944233
4441.920309248135 1.3079835346847049
4330.767653240214 1.355780402357857
4658.777937991082 1.2321655514103804
4647.524861805901 1.235881518175719
4690.53166441252 1.2225768972581157
4702.637939661554 1.9120785263102158
4378.483056202099 1.7961167998613308
4236.2181603454255 1.4093076915494431
4650.000876614124 1.2371518613184136
4768.410976475148 1.930286136131837
4121.4144495471955 1.5200138286937421
4464.380277246231 1.828901877077252
4514.401288043399 1.2850846768888162
4117.14373871345 1.534215489211496
4825.9938512258 1.9461450801445979
4156.151234017759 1.6568587130131112
4419.697522803835 1.8101085838641082
4125.870212636055 1.6148745810281897
4235.982155636608 1.4140470412552613
4469.108937440039 1.3034780018548147
4751.60958279433 1.2083908353923223
4385.899165837131 1.3383811347256773
4301.757953931147 1.3798440478630538
4212.433200538343 1.4342743863187233
4670.502355728115 1.2361765054921061
4297.782856354586 1.7494494860876633
4374.270032625912 1.3464060500233852
4353.829465746657 1.3559560368824417
4940.385665329717 1.9741137127414707
4575.740508070828 1.2681395196203409
4196.297751312683 1.6828553771362953
4170.337035246999 1.473774549240802
4160.0402114896915 1.4858257461726687
4399.734555234879 1.3380470511360592
4202.974448601446 1.6825055094526051
4198.642532927403 1.4542512473244842
4147.19769019738 1.5143578459674887
4195.653520952892 1.6751612684455905
4472.829262098789 1.822389691734449
4269.54927895533 1.4061175203109533
4139.16309957548 1.538368105113847
4988.200529540492 1.9818470853580967
4222.897427477118 1.6914065344741722
4479.066999196355 1.3110544928573913
4923.856824784173 1.1695195836131822
4757.446331107928 1.913804044069728
4147.83459676806 1.5565724642972987
4681.338983118693 1.2424051036507047
4273.251804768312 1.413038477617156
4169.221713626447 1.6237605616629902
4879.655287080125 1.947268724252752
4503.56016392157 1.3062551190045548
4194.805510176192 1.6547229858115147
4177.8315669297535 1.6341333918151608
4344.607040893834 1.7561494140788259
4506.16315362915 1.3071438423183808
4282.492982867939 1.4130023228766684
4171.254233398649 1.5152968887049523
4858.346834544253 1.1924298988076008
4184.087422070767 1.631045906484307
4461.437846286763 1.3270830520481298
4423.425647163129 1.3436866603022541
4994.61401237225 1.9750669900320443
4187.444003090139 1.6327046881837999
4178.333408268591 1.5146902503599853
4770.333514957456 1.9107375138150031
4782.18040311148 1.217727444447453
4536.77369956144 1.8320866523138892
4658.009892319134 1.8743015134102756
4682.018422221493 1.2498288759926282
4611.652025200532 1.275760958646964
4258.067392904444 1.6905610729874194
4672.768924385578 1.8760908703052346
4829.734553461063 1.2070913840396502
4260.877287353176 1.691213343575441
4230.918956801951 1.4679023362930705
4332.939225484171 1.3968581694888975
4420.7161240171645 1.3530477504170566
4770.936055333727 1.2259953013862723
4351.536765310181 1.3875317206674138
4484.865394471398 1.8058531932708293
4641.060334349825 1.2685378845762652
4805.342942398552 1.2178598798672482
4191.56441564563 1.5352934642654485
4430.0288124252975 1.7794513814397885
4915.717989504187 1.186562427057426
4326.715548086235 1.4071760349246174
4598.9648139716855 1.8452009574383104
4303.455915741469 1.4223255506782397
4691.705954475931 1.8763948412375864
4938.981907279819 1.950034997570423
4931.347485866548 1.9476782159109085
4426.57815770981 1.7749760358949953
4366.8439945827995 1.3868311162344875
4246.146962127972 1.4693205371208928
4738.855060617045 1.2417512673559863
4469.716300341796 1.3398651341091083
4246.15342122735 1.4716876312932305
4275.111395105172 1.6857778593917978
4237.560480141676 1.4813710418151986
4669.055905970779 1.866319669863503
4324.49148252719 1.4152451523032676
4294.581355280906 1.6973806546467989
4781.419881808308 1.9007066877167587
4478.9076388838 1.3382973841481538
4355.00439911849 1.7343479482245183
4209.430499249481 1.5996131537653504
4754.275393010845 1.2404059976656512
4221.2808044274525 1.5131627648081705
4249.244415560798 1.6542786844816908
4874.708121073939 1.9263922491237289
4907.150504124671 1.9346487351241202
4639.192771824621 1.8512556228485657
4249.606996257719 1.6498669109114925
4212.963169232789 1.5548576460747137
4342.9520518373265 1.7215118672512921
4462.19373732211 1.3502394535347682
4238.122743125314 1.6322247876423173
4312.304676686592 1.6984257162209282
4631.587894282715 1.2862289388346526
4564.496711232237 1.3118152902954474
4264.725048883348 1.4777740690097454
4643.182501601281 1.2838644314240413
4923.077002257925 1.9342870910714378
4323.382531688001 1.7000938590427477
4550.541469511975 1.8118250242697842
4299.365907930288 1.4523369670512714
4746.830944557381 1.2519767376027393
4563.110724395422 1.3164660004443267
4447.094861048814 1.7652749284741482
4267.206584942565 1.49178092090134
4930.085715971566 1.9316017620633155
4321.301965080812 1.6890579845549964
4242.935814531482 1.542903916726944
4689.072803971277 1.2747593950165528
4265.483099971124 1.4985353095728766
4627.880876529571 1.296407933539607
4319.226753965035 1.4476627359727317
4314.897760082814 1.6802621659523602
4731.241057121916 1.869330184749861
4294.308210590391 1.6610758980290887
4645.788635719263 1.8399530827931525
4319.223894798721 1.6815290508303846
4253.970293424102 1.6030082255528015
4305.7350007746245 1.4629606412867333
4269.904138080526 1.5020238098252143
4340.797571419764 1.6965332887097264
4251.3105557361305 1.5908845281387114
4852.014838464214 1.2258266516540732
4296.260083936356 1.6596648244715313
4841.662178296539 1.9020647711364997
4285.554564623128 1.6464715418975593
4536.632585774622 1.7955137446938587
4979.877466442389 1.9406469993809328
4256.378310199391 1.5885121611793986
4284.697042697204 1.6410025999195548
4724.591318122422 1.2690219622384167
4427.921777132593 1.742291887277713
4905.516978249478 1.9175822482577938
4263.522250574932 1.5441582854321
4608.892436138753 1.8197204287048239
4262.220590090839 1.5547877074746355
4760.719468397066 1.8722309460994198
4695.913886968301 1.2808670710993058
4788.900212245993 1.8804341380150753
4907.091617758304 1.9158734868061629
4982.835305380794 1.936098282888373
4269.878247462142 1.5514029439451673
4921.2975411947655 1.2133294794411609
4349.301400491202 1.6817845357525176
4496.688289236323 1.7660587505786531
4953.486038910043 1.924176880001928
4723.993595094689 1.2782484424314784
4637.781966994859 1.8227033570884594
4337.117989056699 1.4659820939930945
4365.558680968571 1.4435665231006716
4304.662951875467 1.5112730880335439
4390.836556907468 1.430916497448115
4987.4268144476355 1.9299148549482437
4385.24267065824 1.4352257206912309
4441.450068677431 1.4015563567068614
4631.5673567310005 1.8156118107146526
4435.812544498478 1.4051658486924783
4650.511213976377 1.8223906740660205
4597.415582329738 1.3302258290772928
4578.5962164485145 1.3381602512785231
4428.676881268551 1.7204192681914243
4297.039693039738 1.5741906731131339
4320.2178795963555 1.6304307584605338
4315.803463357397 1.508682391254084
4529.051432025248 1.3614313143961831
4422.822052548904 1.4188953237168596
4928.16407995205 1.908292432497441
4878.922325182846 1.2376278498550608
4764.55759033727 1.273930678737314
4622.898006651783 1.3250895149811537
4356.639279148597 1.6618685014485124
4399.111857053151 1.6955865986788496
4305.728948631322 1.5578302115596732
4332.832738644787 1.6353973880140085
4517.716466042556 1.7613201403691023
4319.899896556019 1.611509077300238
4346.375997059991 1.648012061840015
4370.693790411238 1.6672923311895147
4776.067632255563 1.2734209610219807
4843.875069517035 1.8790943050275748
4361.147559050584 1.4760034099661905
4318.631737673074 1.5522010044388639
4707.448615370628 1.2990634024693255
4456.3981687311625 1.4095220630508511
4641.400075988172 1.3250901062675042
4719.846183715382 1.8350813800945522
4557.089330945141 1.3621864158490518
4506.9997031860685 1.7454745278208645
4446.998749440939 1.4198517032948892
4489.399763764782 1.3957631559893278
4679.569494750437 1.8185138445200515
4367.451285516802 1.4825755225206392
4915.73779900278 1.8953706809544268
4375.1975930696635 1.6540329197763255
4995.0751383501865 1.2131724726030524
4974.692563426117 1.911538946709337
4449.517494731226 1.7101529048870594
4682.0037900485595 1.8173103724994788
4882.006676344538 1.883709302943513
4356.611856123864 1.502470680364546
4821.248992906628 1.266474455764455
4955.060550685692 1.9051294753394095
4372.735028598058 1.485202772848909
4395.91233890573 1.465087186898461
4988.886744130909 1.217228861449601
4826.37017174192 1.864583648749878
4841.420965511836 1.2619568996243709
4500.54563074 1.3968115637689222
4847.671826174647 1.8706096018244578
4955.785785726202 1.9025919534318607
4733.565084292522 1.831438072618964
4862.227399875921 1.2574049292416638
4636.004335331038 1.7942203428131587
4787.516957651664 1.282740433049508
4980.568076014888 1.907752534974754
4352.974080556101 1.5656535225259205
4423.157319804845 1.6766729186949618
4950.021518109087 1.8967540583077458
4444.592237183939 1.6914108643987638
4863.105472894526 1.8699577220278563
4370.018150452965 1.5189468801196517
4443.45468035823 1.444388346211881
4481.869035447936 1.7121889502576424
4467.702734130352 1.4290768529275792
4441.401956994146 1.684623537704334
4396.0111709014745 1.6426008948608724
4452.756877982633 1.6908957972126704
4394.214852715642 1.4945102518110005
4584.266134703009 1.3690806262037516
4974.408204360702 1.231117160382902
4723.085750697593 1.3129383601050524
4456.291317509171 1.6904984637324953
4835.765527739239 1.2747656301818975
4384.196689170168 1.5149253147284099
4371.640985649884 1.557237780353864
4475.375990982864 1.700712776092106
4600.021530696888 1.7660728912069588
4856.98606593063 1.8609064775417818
4426.613844547332 1.660295534824642
4940.376948516472 1.8856836447735805
4444.445221791347 1.6728669098221458
4413.914410723962 1.4885284501598233
4729.6718214238535 1.3164103302765306
4984.97072928179 1.2335029608574568
4393.122571379245 1.6088786259020014
4423.664708070077 1.4816072271168625
4388.00326685021 1.5380736223825264
4386.843417987127 1.5891289426962647
4743.424384535912 1.3124587288689424
4596.836163406628 1.7587229797860324
4687.84043208802 1.7969695211270256
4494.190272203188 1.7028961113424426
4451.83158016636 1.6716091686080534
4481.359823343661 1.4390925964738308
4402.329172973065 1.5180963192186274
4730.5764103697575 1.3198524378170597
4417.7798767946315 1.630284639269759
4811.21590242688 1.8382539991436855
4692.472411643461 1.3365468900621256
4997.787444657539 1.2343424638530924
4427.344378895906 1.4920835007843407
4840.090304542978 1.8469474625734659
4690.766455027721 1.7927116720692164
4865.68642962443 1.854570866794431
4803.098408414536 1.8333210255695553
4716.017910510426 1.8014611915727738
4420.643074914688 1.5099791080745524
4778.832604626858 1.308359371756231
4557.3556640359475 1.4036757138167317
4748.896056408231 1.319559603102802
4586.695749823472 1.3896141239944917
4415.397898928187 1.5996823933096296
4910.365100043208 1.2657334861554377
4477.792296859688 1.4574011189607847
4424.206854775771 1.5166381932501434
4754.886396047158 1.8119071490867267
4635.81472675512 1.3683136820646054
4878.335497295547 1.2773911845673935
4815.7887596551345 1.2987828477193746
4436.792999439985 1.5040577946818452
4537.158010148509 1.7108572804019095
4725.074730307727 1.798206191759223
4675.331546549145 1.7781055549007325
4552.139388087752 1.7165564304048797
4785.953718573867 1.8188239917142706
4468.668838695365 1.4801349738283611
4532.493206001231 1.4322590691446815
4480.139585896043 1.6592072144038916
4969.309265360835 1.8756160649327611
4808.215543016346 1.8232773834930163
4457.011327831205 1.4986859435242361
4441.352097432495 1.6081657691602633
4577.295015968752 1.4076429423196168
4473.765836633845 1.6478995838068093
4489.265760046251 1.4720954763020568
4546.633161305457 1.7008245454232334
4666.723835827303 1.3690436583966596
4512.4090614631405 1.4580603567643866
4510.957684317643 1.6723086365444173
4446.618539129761 1.550132168832893
4447.982546998485 1.5527320878767439
4476.006339548733 1.634740541301422
4743.307880701707 1.7905272360677102
4487.206809321387 1.488589443330693
4515.639302990939 1.4641484005983474
4562.368870927501 1.4320639765938923
4887.058271534416 1.2912952408032976
4535.126290296752 1.679593108799426
4582.613554379686 1.4219086291144587
4702.669277348224 1.7688203579001247
4468.7621110747505 1.5993208600804512
4462.6681229105825 1.5593091093528353
4481.785563587037 1.5093236918335424
4766.736946713542 1.794325793451503
4915.126653849924 1.2843072747908144
4468.300710347895 1.5829667169906256
4505.434221293421 1.486377322906945
4603.112605333753 1.414349848922423
4736.888653669574 1.3509164279479287
4564.949152230031 1.6912036494831928
4815.369472105764 1.808871332183665
4860.514275878608 1.3059937301691453
4678.503371028639 1.7518773682344206
4594.913774629166 1.4253608767256178
4699.043560597585 1.7590279043850034
4506.455911167568 1.499104623064165
4868.409841952479 1.3065452547875387
4632.318124058399 1.7244214520810024
4848.011881768093 1.8156121952620494
4865.410450037937 1.309539308074948
4584.358462710088 1.4385115286654269
4736.768310150225 1.771036914109712
4797.673947586051 1.335304027882526
4659.7898137467955 1.3959519737372277
4809.965222363267 1.798770084859681
4642.178915291206 1.406549581900723
4615.550824606398 1.7090936066581568
4504.220978666832 1.6066068636762765
4769.532756915851 1.3490183318658222
4875.239658723743 1.8196122083698851
4736.639595721125 1.3653502467297671
4617.6259036487945 1.4262744886796714
4650.242013371079 1.7222838013972874
4879.556556421453 1.3121766853176848
4549.269276589762 1.4813332027691322
4625.198064390368 1.7054417700040179
4621.426148463554 1.7025500281446837
4834.583944461795 1.3300504519521343
4511.051532048541 1.5524761170470907
4573.403220526766 1.473224259664813
4813.489691901688 1.343216900464597
4607.1292674018005 1.447730253716186
4739.133420521803 1.755398167386455
4658.798581480529 1.4162043702494413
4538.6427856702385 1.520388706907106
4611.159079479453 1.683727314071949
4589.699332255614 1.6674267441115063
4714.295666206854 1.742231414401407
4531.742485091025 1.5397834695390176
4528.020618382838 1.5615300531499774
4621.31376144384 1.4435079192906013
4976.5545077821935 1.2902476245319046
4826.098802939902 1.3443759396163584
4798.786415331585 1.775135629843681
4712.578492953437 1.394220421027545
4618.6726979197565 1.4505783881368155
4596.260990845226 1.662417657419281
4848.704833733633 1.3379584869120356
4606.466082128228 1.463160273023826
4588.032216813984 1.650014031356229
4837.397674654215 1.3445532359554055
4608.45315090369 1.4659759990807189
4987.324632451019 1.2921976510007487
4654.962839292121 1.43513590789459
4790.426336081807 1.3659499950400638
4720.326019908287 1.4000045141904172
4625.424971860083 1.4606829732756101
4847.298413269027 1.7844637126267153
4709.000348396368 1.7220145576591037
4627.052047391587 1.4616701935584195
4577.579019454515 1.6116169308834396
4619.688347722832 1.470762273450625
4650.390975865621 1.6828668111684637
4566.9094102070585 1.560354250175912
4601.27062803753 1.6398650800035977
4631.515681222696 1.6671928922690018
4630.930525742698 1.6664902710864173
4572.689869504514 1.5906295272038438
4622.1650417676365 1.65826695972383
4742.41676769462 1.3971054744858586
4636.325578330263 1.6680565812280526
4750.727438614592 1.3942619746001526
4734.74181625655 1.4039616100338266
4590.335846255444 1.5183612883188404
4713.583528483811 1.713549642225109
4660.488085920974 1.6768642364563235
4861.774990651112 1.3510596573231104
4588.843742618652 1.5831699844785327
4914.6588674415725 1.3319970789355866
4602.136230493807 1.517551549526188
4723.402417094779 1.7134079446986215
4758.460376426748 1.730271028678729
4721.758987277236 1.422670636051338
4606.302477742051 1.5266038721882431
4649.6452082101705 1.6560949817684323
4742.786568624706 1.7179479649104477
4603.530530682561 1.5901565177413028
4661.6635278216645 1.6616582773271167
4932.764688952226 1.7970277121763105
4988.057269801877 1.8162810327603545
4704.05457833121 1.4401193577182223
4702.0121903581485 1.6885697900308125
4863.4948734089485 1.7694858043800314
4628.893601378738 1.6188144976514878
4697.639969217106 1.4472167803559386
4876.410920839103 1.3575371580866795
4679.05568212762 1.6661911737788744
4616.364747403429 1.563608927865028
4682.708430224419 1.4641598334501964
4657.641441188725 1.6434228478389552
4983.510821223682 1.808260530066921
4633.692736968586 1.5246795128936226
4958.91691818677 1.7990629321766014
4727.95731588191 1.4398368501975098
4801.809051944143 1.730221021170621
4743.338923234523 1.4335111561436278
4644.935330503898 1.6034266862898483
4658.5707145948345 1.5061845412675132
4653.769111118667 1.6157318559413287
4894.960570268749 1.360824652686779
4725.352561000306 1.6826040880170194
4664.65459506385 1.5020387957074197
4798.700829540564 1.4055985941930194
4877.155571839489 1.7587103519791416
4764.640573886125 1.4272524790940693
4671.947194814051 1.502703256950513
4725.802025714645 1.4538202591807956
4688.993765064642 1.4859023242438616
4729.549653666086 1.6766005118559357
4849.437383995244 1.3868926252747014
4759.365501469793 1.4363663358828764
4842.008319843171 1.7375148384475247
4896.724261332182 1.7609686494643062
4753.751390281791 1.4438117437892142
4855.146821103402 1.7408192805562244
4891.741205233522 1.755385270124145
4716.522740572046 1.6549230119278142
4665.68201115547 1.569035544787727
4795.532763070941 1.4215745499523227
4901.57681536835 1.7590884959413553
4748.073071067132 1.4513669998753085
4942.152398781172 1.7753296563730327
4669.045867311027 1.5841895143799156
4862.580252384777 1.388221633965445
4682.420186839737 1.5159651480560778
4806.1047381797625 1.7108419759922344
4909.33908435769 1.7591304400481929
4756.346615430903 1.6785417915097558
4843.006393925618 1.7283640123272217
4833.269655204024 1.4072696194493346
4696.9985911775475 1.5138113377445304
4682.925573563536 1.5485387792274448
4776.353126594227 1.6848639192387052
4808.968319622832 1.7044084288323258
4783.200781579684 1.6881509347931472
4716.005596895568 1.499350457879191
4741.0290670392205 1.655193419669861
4913.07866510238 1.3766942704017435
4979.165592046878 1.3527103007787282
4699.9456530617035 1.5571640556233262
4922.986124297498 1.3796243893774307
4866.23000897827 1.723464187759928
4907.911866426627 1.7430802521640925
4776.145689946571 1.4621508571421968
4723.89202007854 1.516396333294868
4763.863856093816 1.6574820562427885
4852.019092692577 1.4168357879224878
4712.891938206074 1.557251496310971
4925.703906257172 1.7479456674922065
4946.897881457282 1.3728571856907494
4978.07546881665 1.7676017718709018
4723.454463225966 1.5465294333620192
4962.367132623038 1.7584879532255948
4777.955117990644 1.4749207463629725
4877.0321296463 1.7184588090828512
4841.879086643065 1.4308714953346704
4767.606295506082 1.6436223404881984
4837.117415352987 1.4376567467756647
4737.122171550995 1.5910553497899766
4914.797827892058 1.7305066547597676
4743.104335946288 1.5869906346620528
4754.619408118817 1.518521506764532
4991.547642610113 1.3666274363215927
4768.961997651726 1.5035054133326682
4749.82483963529 1.5530856478219766
4919.77056463661 1.726427676247716
4986.991281952792 1.3747214895970297
4770.944121211236 1.6128222953563494
4764.235583979288 1.53582618589569
4763.587605137492 1.5680449488813093
4892.402847362959 1.4245978851608236
4897.217767679292 1.7059879200346335
4983.643009810259 1.3822666762131541
4813.54714408466 1.6435080574506469
4807.262623115909 1.4933766059050486
4782.742305212153 1.5291813379191546
4944.98252061243 1.7260169022533969
4933.443902932648 1.717849205505216
4819.791630481502 1.6423768008771953
4793.913766178389 1.608594346115143
4858.145161247709 1.6724809150133817
4783.272897439818 1.5525192377973538
4830.509754756889 1.649561774517719
4975.548648203766 1.7337363978788825
4961.75016745304 1.4020278215747668
4802.012955854335 1.5218226540501902
4798.174958433893 1.5293954528422093
4793.645045228286 1.581927835557733
4793.29215371942 1.578397116300629
4925.007387268565 1.706563382266635
4986.258941392005 1.735192893615287
4902.275759758102 1.691093823527096
4823.058715191216 1.6235489201893625
4866.774260499192 1.6582925390384395
4898.531363091643 1.4513757950072979
4907.361748894342 1.6835513777337348
4922.719591789663 1.4372560036248982
4945.247337399472 1.7045208155641816
4936.14688182584 1.4355732792025298
4888.191574064523 1.4684029287320342
4864.470610584006 1.4893292675463243
4914.3444834693855 1.4510960853865176
4940.724208019517 1.6941466601189736
4833.633783859856 1.5487557991164418
4993.60033124687 1.409302340679464
4980.008333769662 1.7114694293078567
4837.533922504694 1.5785306624608346
4846.348953484728 1.5260985302628314
4882.863521210903 1.647010391131748
4863.571326962078 1.621372267954386
4901.313178340446 1.656025591870926
4948.4967975628 1.6883969030411994
4999.7199676044775 1.7150718601001476
4963.44612699336 1.6935093624958428
4872.031017852916 1.5112542614472222
4855.213737135944 1.5725599831243575
4890.030072513183 1.4940407045775417
4981.198480730344 1.4297206504631252
4926.787675949547 1.6645883675050666
4878.441528828772 1.5158065605375948
4900.837442852035 1.490477897349503
4873.131644029606 1.5276429570468004
4879.5608267344705 1.517471396966366
4928.659643462016 1.4678416522516335
4903.122071558247 1.6349834805584296
4921.89170895171 1.4782641187901904
4962.03452934943 1.6793500874302991
4885.091706124476 1.534264213785439
4895.86453426924 1.6077449623967885
4884.657885479725 1.5662321589367878
4915.66270222631 1.6317094729414234
4929.055247662778 1.6437672665182488
4886.76393416269 1.574334733937231
4945.614150043201 1.4725174721073593
4907.377293815264 1.5182098217840345
4905.002505013912 1.5975751086559042
4915.001856634191 1.516886434439737
4901.984070694332 1.5763493867666354
4939.410019167949 1.6375195811926326
4963.004617006633 1.4731571273063382
4928.788190649949 1.6207705995279535
4934.59379542645 1.6165480466175757
4916.473142048439 1.5622398367877013
4998.262127312923 1.4575105631132672
4940.153140827649 1.5133210352038589
4930.2778601457685 1.5352540175456941
4950.075940021073 1.6237023680488694
4932.026213233162 1.5714315570471564
4945.048550653963 1.5996217492449951
4960.561731631498 1.5065209746722856
4958.07350782447 1.5106566871297364
4944.726509912123 1.5951061704817513
4986.404505089984 1.4812230427715056
4939.974995652326 1.5511414157986236
4958.110832983154 1.524501080814648
4956.863252595939 1.5946254937163633
4959.585530045263 1.5472881048051517
4971.140644762754 1.5361715835710372
4978.2758925826665 1.5481625310084939
4987.925388002711 1.6027415822807978
4994.225148593815 1.5988170846148795
4998.131389795267 1.5883730365309539
