chirp_mass mass_ratio
27.547204964714233 0.9228102744176021
28.82905015443265 0.7187155679617604
28.442097389170215 0.8296223076856388
27.525733924817757 0.8367706470923358
28.833518609613257 0.756203200112966
28.47619485884974 0.8179413247284406
27.745302406138222 0.8035024281469422
28.414129186590852 0.8243855070639572
28.383045169895677 0.7419444852010615
28.538841161204953 0.735330042697871
28.613893441377986 0.7368947107179131
27.937007337511464 0.7834174353233798
27.63587535241185 0.8791949704705
28.399835408969768 0.7464972782305536
28.444444227290642 0.8130650086068003
28.218714123342952 0.8365078420831389
27.632488316867935 0.8432541538339496
28.59445288168627 0.7484354354762743
28.57419299248719 0.7480126986443631
28.661550285971405 0.7565836998587349
28.6636671567141 0.7592544144022729
28.53127000827244 0.7947478325305848
27.68087334405127 0.8357890237975337
27.68857570195738 0.8625742172416617
28.427967582056244 0.807459830074412
28.410782464100386 0.7544813608973624
28.24536474925863 0.8286875163329122
28.504793953049887 0.7524423667839333
28.547785716829996 0.7870221565310868
28.128596278252235 0.7747622012645969
27.85553156244639 0.8587632251255843
28.60276759143458 0.7699215059284708
28.341094157775387 0.816147854032946
27.94481211699532 0.7958127315498174
28.125556690568892 0.8388136506839738
27.72764593045704 0.8558441890772985
28.538057267568885 0.755702916325856
28.53195333135264 0.7561150917644512
28.34193430910421 0.8150598849023866
28.399420219881446 0.8073776324979902
28.55918291474553 0.7775105814375908
27.990793943871736 0.8474836463361299
28.31586027298736 0.8165326142498056
28.52678671573242 0.7592792254236458
28.541008020968754 0.7607627904554887
28.5030263766953 0.7589109598897967
28.507149884079823 0.7590479682485831
28.387280246479563 0.8066991227647888
28.560021161590683 0.7677654692984586
28.2787003090081 0.7670293862475804
28.447992618494677 0.7967743989272477
28.515322067395083 0.7613316666680208
28.157599853312703 0.8320489257869976
27.779206836046367 0.8500348993351252
28.048810691188535 0.8411516118918333
28.22604976627138 0.7714213398854712
27.772437663152925 0.8338420075347328
27.812824381972327 0.8226907374759416
28.096354072689795 0.8370293874665157
27.800504634135123 0.8496986572244418
27.804782878599845 0.8497003046408889
27.82252049846732 0.8502739093068801
28.467086029764 0.7909699347830562
27.958937887286147 0.8455953028896512
27.837233723587264 0.8198966081503727
27.837577598500605 0.8202849045649625
27.827454724766966 0.848180945567204
28.07757947207138 0.8371497954549467
28.34941560171314 0.8084504158085544
27.847366669841875 0.8481085146089171
28.214868209993778 0.8241807252011064
28.114345139849174 0.8336982352987803
28.161464254033113 0.7785605011114018
28.410989217557216 0.7992288538918295
27.80040936471251 0.8326804925506377
28.11327216852521 0.8329256525396331
27.806978389354775 0.8416771566034464
27.84871673989933 0.8458600676371039
28.097542253426848 0.83397861855275
27.840133028134222 0.823076372202576
28.002393959256935 0.8408416261855346
28.072775209705515 0.8358086136950901
28.475524677212633 0.7851187455468842
27.84053347681872 0.8237839967533513
28.408103058046493 0.7977658689324919
28.040616716337937 0.792904024960394
28.159232301211265 0.8272468364342762
27.90322802941217 0.8435990611548305
28.473443586632257 0.7698945543546789
28.000057115895544 0.798499419150998
27.850886812757103 0.8412819973250467
27.83200908697707 0.8326518677665709
28.043504553820906 0.8361107484126715
27.885156701339426 0.8170733446112675
27.94722879049105 0.8064034950022347
28.234295743954405 0.8187181416400504
27.85011119128975 0.8259537048077861
27.842320029554486 0.8329039691858415
27.88670321051985 0.8409984708586609
28.397878946170543 0.7960789581763912
27.86954998062389 0.8222991792947422
27.855534900779666 0.8268247571800195
28.449745765901508 0.7846983048851577
28.462544614411556 0.7796506351714443
27.930810352698305 0.8103326807676917
28.35787381329653 0.7703167102232378
28.17994313481618 0.823249327340213
27.882616219056533 0.8388770036565368
28.42628206407224 0.7891169250275859
28.35436335337718 0.7710310435576069
28.35991347775674 0.800982553689803
28.453179855392335 0.7796113859671625
28.310520015460767 0.8077330067661121
27.860082624271527 0.8316691745029078
28.155303168497774 0.824853644304054
27.958901972643694 0.8377606389957898
27.941859488607545 0.8381650159943703
28.40940728924726 0.7719780243234258
27.93590313918198 0.8116301873607206
27.890734810857026 0.8216488124236285
27.8979063650564 0.8204153974178627
27.879889328688943 0.8318700995628385
28.357864335818284 0.7730659157172539
27.887898755219414 0.8255685988841007
28.17329519583083 0.8212394689024065
27.890707217772075 0.828892347630836
28.076505873105635 0.7940823293621058
28.184854716260368 0.8197250256192995
28.410326527775656 0.7852192319775267
28.036413649905874 0.7993157207354467
27.924241544509574 0.8327274758274372
28.120445972397118 0.7903884250350096
28.202212904065323 0.8166285874541971
28.398433620406262 0.7851452653604614
28.276803874664207 0.807753941229463
28.241176603554297 0.7810576010588439
28.08221556875303 0.7951597654093849
27.929934925449505 0.8202933633112663
28.241838305236453 0.7813034014320452
28.249474502436822 0.810563779813964
28.376177266393018 0.7900669377525418
27.924535185910916 0.825443451841801
28.044022725444744 0.8002767806212417
28.24206107029736 0.8112738970718163
28.08448587806021 0.7955494690604834
28.14447129757377 0.7900581945495824
28.376188362912984 0.7842468190765954
28.3333995230067 0.7969600812972355
28.246998934848477 0.7824905375466223
28.32511905417 0.7798316547687643
28.357647918952175 0.7911337579080766
28.358651615961247 0.790562149680911
27.958310685175093 0.8269501160851136
27.9963270587224 0.8283066336570284
27.958070094860872 0.8264811507194516
28.043514391325452 0.8263512198524392
27.992556849417436 0.8111687818174071
28.25008574998277 0.7832980625747337
27.98296409309047 0.8273104916748254
28.305375098671714 0.7999902584108907
28.22208826222678 0.7852738840701392
28.339582730807624 0.7921253171339988
28.317689829524358 0.7822155543375233
28.034275603026238 0.8051006595353107
28.25885816663951 0.8060186175682096
28.13246116022972 0.8192891980569157
27.9931198187906 0.8254948867870417
28.24050710076358 0.8080898445644089
28.259388180235362 0.8056114363238835
28.03992141518567 0.8048368009451867
28.16420815043272 0.7906143170370069
28.317514243540053 0.7831515356023552
28.01847989682855 0.8085817554537487
27.98933219742259 0.8245334766871317
28.109153124998596 0.8206143741468763
28.04348804883542 0.824235071650897
28.19154763254829 0.8125009766824776
28.162614332882292 0.81507466996111
28.245554700662304 0.7867340252094523
28.260821555508052 0.803100403853519
28.101852230898462 0.7987666698992857
28.158915548368483 0.8148513151182706
28.180423304623098 0.8126785040618232
28.28572901168162 0.7987445413707788
28.047999854090655 0.8218558907903994
28.12714868544486 0.8173153821337923
28.017152710807878 0.8201873619276063
28.260031404290476 0.7873026452375642
28.298625283171408 0.7883612347319886
28.016612384077888 0.8164107143169175
28.08734188268457 0.8018472129324368
28.090404360132247 0.8015194587926182
28.29257694641926 0.7949699499210388
28.29053921465517 0.7900487131643374
28.283068442398676 0.7953068820953064
28.215902642165744 0.8065171630096819
28.224966287105165 0.8052605839726482
28.25982146561482 0.7898687652792664
28.039371719799508 0.8131103010908294
28.037328137757704 0.8156614179827231
28.210439573368227 0.8067519044811418
28.042142942801725 0.8166176814017386
28.124382877574714 0.8148459238522934
28.25913307141535 0.7990902212842022
28.050618684095973 0.816704556174833
28.22258805604504 0.7913897653519475
28.14306676984229 0.8129014309983869
28.10180822720317 0.8154810567621349
28.267379625502954 0.7933314097398294
28.058303987331193 0.8105811870863305
28.24687707904646 0.791765276086138
28.2518194279014 0.798992358145771
28.178435114920227 0.7950504149404028
28.10474204584813 0.814814458324441
28.10533419285297 0.814676103525766
28.080827650718348 0.8145055077674226
28.120244270627694 0.8016824898461661
28.1223256219016 0.8014422530352001
28.228963639937895 0.8013690531130622
28.103086910150296 0.8044362431088378
28.200071974171333 0.7949197218558443
28.093578597461054 0.8063898621412229
28.10249493712826 0.8052673696954347
28.102717925983242 0.8055116797259246
28.128399151860283 0.8112036952092917
28.183839111422206 0.7968744724939864
28.18501496178245 0.7968950454389394
28.089941821721283 0.8106208984002339
28.093219451565783 0.8098072216932799
28.168541472932468 0.7983967110890601
28.158060740632337 0.7994493270457939
28.125386776108304 0.810071272417543
28.20849023219516 0.7974689490129419
28.108811139376563 0.8084485965134756
28.121399346875087 0.8087664789222127
28.184448660435432 0.8016020174324625
