initial_eccentricity
0.16485672168247223
0.14258242787236092
0.1424623338087055
0.14158812724368963
0.14139507862942277
0.1403839178151512
0.13646332720224558
0.13570750360522185
0.1349823043867943
0.13432147140869424
0.13367361221679183
0.010054317805478623
0.010194031921150678
0.010204039780321465
0.010215653318434747
0.010250358142358805
0.010280986222986795
0.010310915435493296
0.010335888889254564
0.010395898761461643
0.010446210908623093
0.010481272053354609
0.01050747737427334
0.010510740804136895
0.010624613542795288
0.010637718525387283
0.010652961890896205
0.010815748372752761
0.010875220342844102
0.010978880017039365
0.011024975122663032
0.011132196284108484
0.011342797691261942
0.011431380325892733
0.011457115064753385
0.011549805106140688
0.011775353121593427
0.011971304582506687
0.012008672896631146
0.01206628868044461
0.012112649763268096
0.012201595975041888
0.012212499752103714
0.012242020908030164
0.012284259890399081
0.012286560940005183
0.01239962179079106
0.012418225769025282
0.012442637630793774
0.012446981750372557
0.012459886978949317
0.01246344391877416
0.012480646943039535
0.012514563559341638
0.012521382933272823
0.012533132338745452
0.01264264307341904
0.012671147999731099
0.012816021389783896
0.012900529823413727
0.013045130884684866
0.01325267232695494
0.013496976695388959
0.013504717025877482
0.013532592869660597
0.013569630849688652
0.013854507282834478
0.013984170086288723
0.014155840577294495
0.014309829469259981
0.014405465042845511
0.014450110655448012
0.014509249999860321
0.014598648852612424
0.014665916259989751
0.014669112977888255
0.01477751816579386
0.014890667537935026
0.014891114274787072
0.014919902453746848
0.014967024651941085
0.014979421811284825
0.014981133961344349
0.015098963908776335
0.01515353404561088
0.015228830127718156
0.015309705806397948
0.015385749842350763
0.015387861889558553
0.015776596980846533
0.015820844825139752
0.01585353717542235
0.01613634085822095
0.016189835038086235
0.01623020905424984
0.01632335540356432
0.01632363145184107
0.01635231569540847
0.016587820742426276
0.016663379483225094
0.016972541853619155
0.01698500482051344
0.01709837708556144
0.017147050706442832
0.017162725045850164
0.017498259936513053
0.01750591057895444
0.017554851842718832
0.017683307939035373
0.017853556963941166
0.017882081377349392
0.017892495792417154
0.01789480020786623
0.017939609600496214
0.017946384711047
0.018405111260301733
0.018483349415760422
0.018578702759005142
0.018600940060603876
0.018688993957747885
0.01889262618738076
0.019067938542692252
0.01921037626125715
0.019234468269768122
0.01935284106849584
0.019381902201299716
0.019397190949861913
0.019429561638842376
0.020010074613933584
0.02013988898024143
0.02014104750891205
0.020226734243213272
0.020247806825078273
0.020270639994890573
0.020304499871418323
0.020442731777211672
0.020466522315850333
0.020476000956465845
0.020579198355728585
0.02059702013876555
0.02059891344102191
0.020717241572643798
0.02071859176417702
0.020786094951631934
0.020798635628908463
0.02085264818751672
0.020923635894663756
0.020961247584823414
0.021013234689588232
0.021135451881365192
0.02125620286097876
0.02133455926954061
0.02151216595640057
0.021579294290272614
0.021585432504548203
0.021938349435265594
0.022019226690443
0.022080592269774324
0.022202068634746323
0.02233277643260789
0.022494674380603468
0.022607633483302907
0.022643475762950276
0.022695119977813396
0.022858018024305694
0.022877910422323126
0.022908172038765513
0.023188033305211405
0.023205839604763696
0.023466209321184428
0.023540214072049565
0.02354279018589961
0.02374544222102392
0.023847001677402373
0.023872554484518728
0.02402126249291758
0.024188581700418918
0.02426732345500691
0.024380664267465827
0.024417445898935648
0.024578653731214737
0.02467066141880181
0.024965681120554088
0.02499552799066912
0.02504652508499588
0.025212550654996616
0.025411334599186475
0.025499969046748387
0.02553412894281304
0.02570140049135527
0.025819841385955684
0.02584521349267516
0.026038804217521853
0.026039044958305353
0.026154185202173896
0.026156910168552955
0.026442450140037276
0.02650497644226156
0.02657498745967397
0.026577163222562285
0.02659167979913244
0.026674374125625455
0.026692041838254934
0.026769608982330974
0.02681548454702387
0.02688307251939717
0.026903143478871544
0.02694350787571108
0.027030801427653767
0.027043809254437088
0.027146878386659253
0.027326054238142904
0.027357479014411115
0.027365015032867434
0.02744641811765973
0.02748778946990455
0.02753092277667901
0.027734836781078267
0.027739147246163595
0.02807356538656323
0.02824272990357148
0.028571404764869374
0.028615066526122494
0.02872252466265306
0.028777200238074424
0.02882024607108776
0.028932720344186317
0.02899572742093383
0.02900144260673021
0.029246932588980302
0.029367818834929428
0.029369076363169464
0.029384913104957038
0.02939753853966236
0.02948721703068955
0.030120458618290578
0.03042310047082698
0.03043190404366402
0.030632059652429388
0.030636824405704186
0.030647950232071668
0.030791088592506805
0.031138421706970298
0.03177361220706195
0.031824355463657035
0.03186714182604469
0.03191132204504607
0.03197971228821276
0.032371583745054486
0.03306078842415831
0.033133000306034645
0.033298561146893425
0.13039302277333292
0.033485142652590415
0.033578555693089165
0.03360017556129232
0.033746643691417576
0.033840409473904355
0.034281769619472456
0.034357941601715965
0.03441119864482203
0.03447135937682541
0.03448004149818544
0.03465212129475304
0.03467670276268191
0.034694417483678394
0.035051809916244146
0.03519100152702935
0.03521698888121312
0.03538009992345629
0.03560161985596308
0.035626901688934114
0.12989434978500217
0.035774966182483034
0.03581777966890047
0.03589856102402496
0.0359030117429312
0.036277771919690636
0.03628486980374624
0.03636635155829351
0.036366601236489056
0.03647385620919862
0.03651486583050706
0.03669574113384865
0.03673577755296317
0.12954683971184783
0.03717046920819533
0.03720570367902832
0.03745584847575998
0.037604458416671364
0.037785385622790005
0.037826655874351765
0.03789708642251771
0.03797460837356355
0.0379896987147903
0.03808176242462698
0.038097150590866324
0.12930546814195576
0.03812900151204459
0.03819451598122556
0.03830426609222254
0.03835801617148722
0.038525387915977934
0.038527098180008185
0.0386415838551713
0.03918800127709461
0.03946231777148493
0.0394817984675064
0.039643773881071195
0.04006465115821563
0.040160447623816875
0.04037356984206733
0.040426832656375894
0.04043460294256761
0.04056933347859609
0.04088503231738439
0.04120556682019891
0.12846040613286835
0.04142498085237233
0.041513865444302044
0.041564590941495894
0.0417586280958446
0.04177693585107468
0.04178303765630197
0.04181822058496847
0.12831702932229874
0.04203244793036455
0.042290598923091
0.04232078946149042
0.04245545324280476
0.042551889131299155
0.042732489012552714
0.04318618049782711
0.043214301124423544
0.04327995480291416
0.04328418241325935
0.04331532893710083
0.043440378096561365
0.04346595704248248
0.043521596335033434
0.04362660079990368
0.043666561387997474
0.04386523901238986
0.043887207154735305
0.044054145897542134
0.0442063107159582
0.04424654415569517
0.04432734267510652
0.04456368275774941
0.04485649786439632
0.12745939724016547
0.044901588750307336
0.045010596107409276
0.1273895357401453
0.045120682612675204
0.04521186660513275
0.04531051464170913
0.04534317292898633
0.04539435462446622
0.04544641870677697
0.04565318699307474
0.04579732257774366
0.04583604279061425
0.04596451969187746
0.0460332690862511
0.046068031646996736
0.046075292299855665
0.04621226308291016
0.12704422925504927
0.04635146535993533
0.0464811603023015
0.046492933621173245
0.046651884122238106
0.04668861751917155
0.04674520816403572
0.046777739738279485
0.04682540783846415
0.046911831815389445
0.04697972453628663
0.04698747923242293
0.04704482177483727
0.04716574275093713
0.04735911729841522
0.04743994832150018
0.04750020823975272
0.04756133820962386
0.04758501246146934
0.04777678352588812
0.047779711647574684
0.04789625937742522
0.04795899830885075
0.04801359839455189
0.04801780326779374
0.0482450506056402
0.04833475682278921
0.04838928245951392
0.048423203702475645
0.04854054224903298
0.1263006357246104
0.04887081695778025
0.04889785817936735
0.04900243461730753
0.04951019717385007
0.04954531299472727
0.04966950956847265
0.0496956752649473
0.05011711305061879
0.12575857798250628
0.05028722893480414
0.05028844678552011
0.05034445778096874
0.0503743480520252
0.05038270442215609
0.05047181392888204
0.050705634752218995
0.05078188432159172
0.050866300669785945
0.05096694906429607
0.05105295781590881
0.05160515119360107
0.051632375446658454
0.051827386344617664
0.05202742735982582
0.05210360434427456
0.052252648967976024
0.052507744649155426
0.05261176694379259
0.05262077127620903
0.05274713932949217
0.052759028343473346
0.05281270157717585
0.05282064011658889
0.05286180356229976
0.12478941155948213
0.05304899913068832
0.05315654095398947
0.0532408562714524
0.05333750508874103
0.05333859675270438
0.12466182924516085
0.05369653803929217
0.053780595081031835
0.05383903316799282
0.05386389730534227
0.05394239578077538
0.05399205313327873
0.0544228447935738
0.0544672348829747
0.05474070758215085
0.05483877111391475
0.054894130083364544
0.05496059413420814
0.05516704457309306
0.055263642150948984
0.05562276806776345
0.05571455108199767
0.05577984695376386
0.12368896874552135
0.12368817687913217
0.055951208556257175
0.12360921328186164
0.05630264628567968
0.05632107962052779
0.056370004215010455
0.05639546864434475
0.05654852039115684
0.12344522530284648
0.05658774996481741
0.05660082086567599
0.05670581919110987
0.12335229704827069
0.056969563935033815
0.05698467412193301
0.057034672356413456
0.12324239124765247
0.12321757852576996
0.05716423039667331
0.12310958864213559
0.05745590325727498
0.0575147371624235
0.05764964321401956
0.05778682705159693
0.057870481115783134
0.12288898528022296
0.05799549647145497
0.12286062576185199
0.12284185962066899
0.12282066905690163
0.12265945004196839
0.05858541631090965
0.05865093157749207
0.05867273478641941
0.05869608304589396
0.058782498577739206
0.12255955251499154
0.059066655017832315
0.059155455289187246
0.05923407753002922
0.059293189953732166
0.05936950524664557
0.059414832201532965
0.05945730424242043
0.05967894179354364
0.05984965211591203
0.12212238018539902
0.12206530198996947
0.12204119389131511
0.06007545098349822
0.06022673101862437
0.06028869895233349
0.12185952493435777
0.06054032129963274
0.12183015581338888
0.06080065603435087
0.06086695860875627
0.06088048012497953
0.06095535976598664
0.06100016851117591
0.12152695004400149
0.12149119617765147
0.12140147716725956
0.12138979293073171
0.06159998945583836
0.12138088684830589
0.06181580317340902
0.12105397859629197
0.06240538437480846
0.12101776224302127
0.06244844074298143
0.062459181575394165
0.06259289804351617
0.0625963541640385
0.06261133487274667
0.12091658857829497
0.06269034550879427
0.06275266371060247
0.06303475290321747
0.06335812387661545
0.06340401933226768
0.06346225494603722
0.06354931956409994
0.06357870982430926
0.06374654073296904
0.06376083268203739
0.06391493471969942
0.06405413753922608
0.06409837640970877
0.0642590637947846
0.06460742764848339
0.12004128959307718
0.06480593399995813
0.06483792502109907
0.06485935411746974
0.06486283303945985
0.0648643972761494
0.06495073301233498
0.11983323978999622
0.0653529212081147
0.06537073574883809
0.1196853077451527
0.06540332716920597
0.11946633233470794
0.06585979531781806
0.06589283402048199
0.06596529313442341
0.11930735781010925
0.11905991561115871
0.06686550172297931
0.11885841176670728
0.11871543620095568
0.06748391945163744
0.06786296080034393
0.06794176877484445
0.06794180162985147
0.06800821993942809
0.06826362949563972
0.06827993669337944
0.1182727670402057
0.06841258272677664
0.06855068325823917
0.06861430472400427
0.06880304831378492
0.06887124859356122
0.06891199618648691
0.06898212605300481
0.06909467698175104
0.11789795181284524
0.11788958735455449
0.11787361928326341
0.06935877891318284
0.06938445497190229
0.06943334308219334
0.06958238951027851
0.11758568429713283
0.0703883730424913
0.07042274478906056
0.07049203158455575
0.07053633305749742
0.11721961163858978
0.07057635085388335
0.11719462000323233
0.07068287199093135
0.11701980229012719
0.07104385839171157
0.0710584181055027
0.07110845760498662
0.0711233586993645
0.11692601200214903
0.07127075865623636
0.0713103461596797
0.07133779510683165
0.07139515493835666
0.07143401899025577
0.11676280757286124
0.07155256403323437
0.07174535111423916
0.07184830615974287
0.11659137195939372
0.07196221155070817
0.07198288920890282
0.11652838422656332
0.0720397076008058
0.0720426456653873
0.07207828016492736
0.07210359111870189
0.11646035743367371
0.07214085549808778
0.07223194752481912
0.11634037971011632
0.07242806811727204
0.07253316018868447
0.11620584849087678
0.07281774702955038
0.07288442391327304
0.07300751791770713
0.07305493092339868
0.07306889607549945
0.11583177164715233
0.1158003457050794
0.11578941957837581
0.07362729676843738
0.07370751617222424
0.11560397821446021
0.07400841071126002
0.07424306813443293
0.11547297854158141
0.0743211573634924
0.11545004246290219
0.07433899872166685
0.07435181757092453
0.07436686940963617
0.07443265607790625
0.07447221819353933
0.07458840899046026
0.07470252735936267
0.07482418666768256
0.074860457786925
0.07486112056489864
0.07486875478566991
0.07493961436048606
0.1151394821657423
0.07520366140358378
0.07520464816472161
0.07526208086450831
0.07527190580283594
0.07536087640818474
0.07539254115164726
0.07544609872284928
0.07557250643843168
0.07559900715700074
0.07559949725049428
0.07571400862721586
0.07574397493383696
0.07576325522577858
0.07598683720455894
0.07620099793789813
0.0762449924856258
0.07641306075936
0.11452025458735833
0.0766665659270541
0.11435754155193277
0.07699919414279328
0.07707660615289973
0.07708584864169254
0.07713896012868625
0.07718816138939726
0.07729983307520664
0.07730031540176638
0.11413937592607833
0.07745855272094918
0.07764366480045422
0.07777645979706183
0.11395735382653156
0.07801282461003026
0.07804955147840575
0.11384990127995563
0.11381389627606706
0.07814464480297305
0.07843536805714281
0.11367603263344721
0.07854285821463351
0.078582682652415
0.07870862496052433
0.07887307333893519
0.07888955991668546
0.07889387580233725
0.07902595040703825
0.07906895023437419
0.11343810214839126
0.07908497561815044
0.07915790654956294
0.07923765118561653
0.07943805921187638
0.07945885293828421
0.07958022385420147
0.07966360958393938
0.11319285016204843
0.07971798553705434
0.11318222613152051
0.07976260042886939
0.11315279639303437
0.07982570857256664
0.07990734932768793
0.08001878649299807
0.08003309714584338
0.08011730880985551
0.11296204424505449
0.11288562835328632
0.08073108192416742
0.08084924686130186
0.08090106944753804
0.11270202309529576
0.08097436882929834
0.0810434559965603
0.08118522220915868
0.11253778388434645
0.08141424477641024
0.08141873867426824
0.08147049525332645
0.0816060384733392
0.0817422030375206
0.11239086154731952
0.0818629371701234
0.0819508035067222
0.08196557827538163
0.1122783299798167
0.11225021238913305
0.0821390510889636
0.11224236281810367
0.08230077090601474
0.08238400073657737
0.08238786119030772
0.08264066977251916
0.08279137364189686
0.11198032028772156
0.0828625670061556
0.08293420482318828
0.08294290671367627
0.0829486920901099
0.08316084322229049
0.11175029920720667
0.11171917345114654
0.0835207731302444
0.0835828257059556
0.08358516605350862
0.08376291210355179
0.08379610483440171
0.11156808970815024
0.08403142674210384
0.0840768512739846
0.08408660403744023
0.08409269500093423
0.08416459576373511
0.11143850771758715
0.08421954106188577
0.08422696558835796
0.0842465280397336
0.0844399693296322
0.08448207956986108
0.08452430637443042
0.11127047349464969
0.11123989826132366
0.11112719663245717
0.08499470971791802
0.11103599805909711
0.11103566346238704
0.08522531905059459
0.085422558798321
0.085508024507972
0.0855449824253422
0.11085176964460719
0.08566484135904309
0.08578207346780431
0.08579911617084472
0.08586867748029534
0.08592855149967489
0.08596102418636187
0.08614238093611613
0.08616186377724032
0.08618278440703117
0.0861884312871086
0.1105482649273098
0.11046676482193549
0.08656373423964267
0.11040551059916714
0.08673370930683018
0.08677999079490965
0.08697037488240027
0.08712605445840298
0.0871447547901667
0.11019338778400645
0.08721562067137352
0.08742627534074285
0.11002891590460263
0.08756572977662622
0.11001552392979744
0.08786270488368618
0.10980984632249234
0.08816212955989128
0.08818624954461887
0.08825338519017192
0.08827463330313913
0.10969941885532274
0.10969321317995444
0.08840578387449466
0.08841806667423409
0.08844575084759003
0.08847660212822256
0.08854257099781827
0.1094235760450116
0.088877174452162
0.10937239154871656
0.08913938749302729
0.0893007866056048
0.10915146958161348
0.08946661696721922
0.10908483229235652
0.08957343288431155
0.08971967190219272
0.1089857846070516
0.08993102463665097
0.10886684766444199
0.09000071856521308
0.09006527607160143
0.09018808428919256
0.10873788721304214
0.09023654459781326
0.09040424219208752
0.10853983641687613
0.1083518456204853
0.10833884685522276
0.09098317564382638
0.09106723882869876
0.09108778937548478
0.09119369222648188
0.1082106442515322
0.09133053288895132
0.09145695510612109
0.10801294626596564
0.09156616737028976
0.09157607765007737
0.09179773104678088
0.09182158453080144
0.09184040518112731
0.09193061568503778
0.10773406265287912
0.10770552006660115
0.10768364587269001
0.10762413876798449
0.10761595214291628
0.10757495641804303
0.09229045780708386
0.10755043436730968
0.10750993880655926
0.09240200352914307
0.09248546925567874
0.10738744489070925
0.10735299116671218
0.10733772853566823
0.09269148997555388
0.09272749231426516
0.0929546977313279
0.1071115658130019
0.09304758315052448
0.10706726781516443
0.09311771444057965
0.09312976063011755
0.09328778922634078
0.09333975241867443
0.10689835768944846
0.10681615324207291
0.09350359917721422
0.10680151626416061
0.0935421250364759
0.09367157009724544
0.09384007937448915
0.10656969444053799
0.09389486867984792
0.09400702253122724
0.10638010275928897
0.09431097458980882
0.10617418121611973
0.09446937972589763
0.10613054585879617
0.10611877315151022
0.09450738794546645
0.10609654051160348
0.09461709652962862
0.09468664302231349
0.10584307656574528
0.10578600276763117
0.10577392175455173
0.09500315186508619
0.09505229072947013
0.09513537374155971
0.0952411462792531
0.10546370509509272
0.09556682348242448
0.1052310403512106
0.10520814325274147
0.10512248120514416
0.09597558729191001
0.09599270021170558
0.10497700447740821
0.09603050881090465
0.10492287919601824
0.09633930347638106
0.10470855761566206
0.09643645010544784
0.10458775405131399
0.09650457464922163
0.1045445926738752
0.09674947148861814
0.10429621447257188
0.10428541614982104
0.09685335898797318
0.10415497495387527
0.09712426065847021
0.10401579786970286
0.10396451164393415
0.09724410472549573
0.09727872422707359
0.10368325890111885
0.1036444862261884
0.09769123110481828
0.09781055732312137
0.10344435532464046
0.1034010323756846
0.09786843304990393
0.09795877414584027
0.09799358009061244
0.10326409871822721
0.09809923056817893
0.0981932778263894
0.09819624829449657
0.10307804312704519
0.09828673302934286
0.09839116469775806
0.09842343795810923
0.10279532387812003
0.09856405671315105
0.10269410569985235
0.10267459061891199
0.10256427327577308
0.09878712754314041
0.0988330112761577
0.0988347836568261
0.09886415410542428
0.09899791757030563
0.10223005215622878
0.09920383034057288
0.10215375223903615
0.1020211491823883
0.09960075240952283
0.10174697535596608
0.10170246131966083
0.10167133185134658
0.09971559468457569
0.09973231524306453
0.09973744719731982
0.10157107977273894
0.09982911982110389
0.0998432696093637
0.09985946138742052
0.0998780649490298
0.09988987399659745
0.09992576165594619
0.1014105777891704
0.09999179774595535
0.10138569254046254
0.10002218898375417
0.10010546115958315
0.10128170112615836
0.10030584364895768
0.10030662561420182
0.1010166419536069
0.10039990606335027
0.10087692504426991
0.10085963640812713
0.10079540413465672
0.10079133270171836
0.10075607879292511
0.10066660687801761
0.10070735776438632
