eccentricity
0.03098190751067413
0.03937569500180545
0.047195006468168134
0.14569217445346305
0.049539977974141135
0.04962014209601514
0.05087029293019042
0.052112791618793126
0.14320987673918575
0.05323958291591338
0.05359244233795305
0.05455901107866416
0.05657631085576812
0.05758769991462931
0.05810206858333539
0.0591074291546188
0.05923493272612018
0.05960824412426715
0.059757287543066216
0.059757665711978464
0.06013936037813447
0.13868086469402063
0.06093768448183247
0.13785715287479136
0.062381384213878024
0.06261307479875648
0.06335116141140565
0.06362943884314627
0.06389741284182728
0.13685097709698238
0.06445255175221586
0.06454770332807543
0.13623350510181112
0.06507685042001674
0.06531053442699189
0.13558908540403838
0.06627916254887499
0.06632194774421228
0.06637989249881626
0.06715571710610775
0.06734961351313695
0.06748501087832995
0.13470432724624268
0.06771625950025256
0.06798958557179431
0.06800146299222966
0.13431907587232025
0.06835044209304546
0.06860403525970413
0.06863253416735858
0.06884872840406435
0.13376778000449008
0.06921691683006106
0.13360801771626876
0.06969338766030081
0.13335299151158278
0.07013422351889778
0.07019615403525833
0.07029414611168655
0.07037594054678974
0.07055838720156868
0.07058775307506623
0.07063018929396077
0.07073833059315972
0.07083063782663916
0.13261132754832833
0.07092689066711384
0.07115261387414505
0.07126585588858089
0.07150151762267483
0.07161264035169747
0.07180570333326919
0.07193808685503415
0.07207617252828723
0.07213365082384408
0.07222966217043258
0.07224102565143142
0.07231596232727971
0.07235242830135027
0.07237617609732018
0.13159992620133676
0.07256069216666484
0.07261178185223358
0.07277932332829909
0.07281386942817843
0.07302954280689601
0.13124728179101502
0.13120480075240332
0.07333666177797936
0.13086300175334661
0.07370919187295306
0.07383074904570278
0.1307274841898506
0.1306926520255336
0.07411607846519382
0.13053011002666737
0.07422465129902174
0.07423134180660741
0.07431017088565377
0.13037278084700257
0.07438996945111405
0.0744718823017088
0.13019767334951465
0.07475291323540413
0.13002872620420994
0.07498991987898337
0.07504720596932356
0.07515198111463849
0.07519315690999104
0.07535957560518024
0.07536736612135551
0.07538132213408683
0.12967919864786864
0.07556817159462159
0.07561574262386091
0.07565460118122334
0.07567893680415291
0.12936044580085265
0.07599091783492981
0.12924335273181126
0.0760563288964843
0.07617298178049892
0.12913225509521692
0.12912846494705266
0.1291248089957129
0.07623801150504968
0.0762565406731119
0.07639902196021532
0.1289813292668922
0.128942204818915
0.07657759910599973
0.128818937020144
0.07668099409075665
0.07669372464867528
0.0767229858162393
0.12877606873122407
0.1286660755296767
0.0769110126296111
0.07696994400467853
0.12857431001051603
0.07712456388499685
0.07715914742336781
0.07717490540090806
0.07728681084393245
0.0772907198956687
0.07733881287929444
0.1282785072186598
0.07746795489521349
0.12827079022932808
0.07750024026277981
0.07752770537744907
0.0776030029923928
0.0777043729312439
0.12809933300040044
0.07773371013076892
0.07777474850494173
0.07791246140685242
0.0779507005075667
0.07803526476338754
0.1278825986547614
0.0780434409583043
0.12779219455663068
0.12773551472451375
0.12773263677915725
0.0783199503440363
0.07832745617852278
0.12767650051501447
0.07839519811855289
0.12758530164846188
0.07848091003732866
0.07853390452244038
0.07858594651773237
0.12742492467295438
0.12726610552050593
0.07892537255281332
0.07896036479443239
0.07899793216046462
0.12717904094166627
0.07906135890906345
0.12712620933768226
0.07912776128750365
0.07913052129469622
0.07913638144882251
0.07919313305601527
0.126986908699321
0.07932642336730256
0.0794552729885288
0.07946707509449626
0.12687304791583326
0.07957486322373745
0.07957996859008067
0.07960616095097338
0.1267782983387752
0.07963811201402275
0.07963842282544151
0.1267620177638184
0.07964627217985217
0.12673029564290642
0.0797175795460415
0.07974664344340308
0.0797592967544603
0.0798124188830788
0.07982396501855159
0.1266295433418114
0.12662295581081096
0.0798536409759301
0.07988623762496179
0.07999530709987554
0.12648968722885004
0.12645047897930276
0.08017382197576048
0.08036121636679505
0.08040553521061151
0.12620780882233298
0.12620730554280626
0.08043312395122641
0.0804597557231142
0.126176055686609
0.08051933838289048
0.08056587973584671
0.08058009761665039
0.08064505110579509
0.08073718272907207
0.0807415569457736
0.08077906241414555
0.0807855645389819
0.12592482786095632
0.12590848446571096
0.08097763732808133
0.08099057464476381
0.08103123550791659
0.0810929988195036
0.12570967725556673
0.1256881828595916
0.08116153037864081
0.08118493736746811
0.08118768174905133
0.08122778629468266
0.08128068309042372
0.0812938350053699
0.1255683985903462
0.08133721221770429
0.1255464366722347
0.08136815970736175
0.08139521859860173
0.08140261155216226
0.0814281740320612
0.08148178049512372
0.08149945743477778
0.08152037066308968
0.08154014070554005
0.08156707161279458
0.08158423634182349
0.12530567011453736
0.08175548608613245
0.08183221265703207
0.08183854679061552
0.08183914445027336
0.08191049912055398
0.08193032836269928
0.08193686278557487
0.08196654765621
0.08206490973601552
0.08207320927123095
0.08209249606903374
0.12496755958980844
0.08214690150856534
0.08215062435893751
0.0821686994776563
0.08222640503930542
0.08226144067345714
0.0822887243328301
0.08230035847111934
0.08230039487487127
0.12481634247110769
0.08236672234917122
0.08238035277957428
0.08238293483456673
0.0824095853600731
0.0824167726374456
0.12475613772846272
0.0824415080934435
0.08247808806508614
0.08249649622015737
0.12470624759487191
0.08253741226076443
0.08259633916560881
0.08260690846224021
0.12459747137773723
0.0827157263677755
0.12454825466274981
0.08273816810655697
0.08282601930497382
0.08288514780714691
0.08288659064731248
0.08292055987483914
0.08301576262800159
0.08302899085653544
0.12429960081266238
0.08306704309350989
0.08316154431477958
0.12414572306615959
0.08328827190457638
0.0832936509723417
0.12412250890989793
0.12410602945878353
0.12407202578584958
0.08339868414149307
0.12404372975402173
0.08340300045656956
0.08346634594131017
0.08348398090338034
0.12393631614697492
0.12392651385586273
0.08359199016608654
0.08359770103774032
0.12387772479380839
0.08369349095013386
0.08369427524264304
0.1238099087680673
0.08375272294078562
0.12377346981813926
0.12375308956274601
0.12370925215234461
0.08388538620877344
0.08388689788470204
0.08389516336303547
0.08395631771505674
0.12360799185200325
0.08402276958803008
0.08402476156171225
0.08403201629574868
0.0840578707202395
0.08411241463518422
0.08412461972776042
0.08416798320444477
0.08417479290208289
0.12346291297982367
0.08420563989271881
0.08420565393775332
0.08423258702838256
0.08426473586348779
0.08426485771680588
0.08426946846862546
0.12335914833233007
0.08435056441006707
0.1233352054862476
0.08435421665869287
0.12332957807164979
0.08436037567393743
0.12327839614755162
0.08448892125839037
0.12322521548364584
0.08457511404612818
0.1231469527386238
0.12307597356245388
0.08471377557896671
0.08472426034684556
0.12303951016241461
0.0847769826996868
0.12300983135351175
0.08487827746157478
0.12288868176808525
0.12287379746238335
0.08496676619778863
0.08498996421144536
0.08499950166786778
0.08503384118267737
0.08504360590358079
0.12280981633712362
0.08507441108456865
0.08509174708927834
0.08510372517846675
0.1227607722611227
0.08511835788273388
0.08512831848103412
0.12270920888057747
0.08519539372685271
0.08526058062061351
0.08526143780358039
0.08530866323887863
0.08531887460129492
0.12259824744459565
0.08533458661494779
0.08534707421031584
0.08542405087675167
0.12252172932084568
0.08543685061969314
0.08552086378357569
0.08555307900961293
0.12242047920675439
0.08559675215593858
0.08566657964174952
0.12233038141695976
0.1223228772112131
0.12231497224545311
0.08570758006382853
0.08571250768221367
0.12230609013189041
0.12228692255931585
0.0858022047189701
0.12222936532147265
0.08585673425665767
0.08591466794950434
0.0859663152598906
0.08597626129095996
0.08600027606979299
0.08601159155372816
0.08610178020834534
0.12191208565155107
0.12188635953726584
0.08627174205330095
0.08627297346141044
0.1218547509919265
0.08638354826094836
0.08639243237590108
0.0864682377103958
0.08653452459525454
0.08656521853279266
0.12164215183634873
0.12163526024772163
0.12160162661832143
0.08664600809508372
0.08670022180650529
0.08670873197954461
0.1215404419883046
0.08671711142893332
0.12153606632579099
0.08675550932364706
0.12150240105235208
0.08678112550739844
0.08679227474627119
0.12147546738203953
0.12146244591297103
0.08682097526054273
0.12140352541429193
0.12137386188322777
0.08693162539189805
0.08693840234178392
0.12135998329677238
0.12135819936490409
0.08697581135938778
0.12131292013823602
0.08702145130904895
0.08703451868616899
0.12126425378113767
0.12125922001922415
0.08710774598946806
0.12122814045028109
0.0871286181380275
0.12118856013923152
0.08721409429934815
0.08722199983053561
0.08723772576541178
0.08724266923433759
0.12111644915741086
0.12111621462198598
0.08727329866333337
0.12109611225126989
0.08730088712272173
0.08730499766978303
0.12107806769574792
0.12106082147971903
0.08736706661809698
0.08738191807617966
0.08740681914246315
0.08741154176073586
0.12098033825481849
0.12096418448622362
0.08748753316188243
0.08748897297052827
0.12093537522403644
0.12092418174689096
0.12091332918422028
0.08755468818964335
0.08757445961521863
0.1208666172300868
0.08758959212931647
0.08759749953356699
0.08762390181796711
0.08763104820054217
0.12081958234761646
0.08768500398268066
0.08768708901586363
0.12078250043087163
0.08773023974828723
0.12071307841843741
0.08782309408196616
0.08785424825089938
0.12065807567021938
0.12065269428490309
0.0878654488428156
0.08787789171162086
0.0878983355000354
0.12061606786470494
0.12059902862701055
0.12058453769356349
0.12058380203506522
0.08796726463610584
0.0879744343757855
0.08804443250980686
0.12050101696815661
0.0880574820128625
0.08810372309357092
0.0881234377112656
0.08817744605469305
0.1204002401196618
0.08819647013172097
0.08819860557603247
0.08821521076080627
0.1203634925109664
0.08823475058058607
0.08825822163813901
0.1203352820534818
0.120333537604462
0.0883019121186157
0.08830222447852863
0.08839383259301296
0.08839649101506143
0.12022658927590643
0.08844555984689306
0.08851697640447097
0.08855559121653919
0.08860484011085985
0.08862031773281329
0.08864837989177561
0.0886612923436263
0.08870458120164157
0.11997785625223886
0.11997046853920562
0.08876031045229332
0.08878738603886678
0.0887903128358187
0.08879393316089344
0.08879544852669888
0.08880749826587778
0.11990779216554588
0.08883157815844234
0.11988739980692968
0.11986584550788237
0.11985854892855331
0.08888227013543304
0.11983758219360073
0.08893083194010505
0.11981088759977324
0.08894733423614232
0.08896050413951764
0.08898969148395895
0.08899342076068172
0.11975770738295405
0.08901299552021774
0.08902214947701471
0.08902492847090981
0.08903740184393226
0.08903955540500297
0.08904945506383176
0.11972059548568618
0.11971697639529637
0.11969709942079676
0.0890805580694615
0.08909965635315585
0.08910671389476849
0.08911249095471799
0.11966243332139095
0.1196542009445643
0.08913760945661363
0.08915436268356475
0.08916574454773102
0.0891666689931955
0.08916904922152692
0.08919663909760454
0.08921594932231518
0.0892214171946551
0.0892248076333694
0.08922921305498095
0.08923325016421955
0.11956864849730608
0.08924461550959167
0.0892461432695819
0.08925222617965617
0.11955722608814932
0.0892877325594118
0.08931364178868664
0.08931502256153447
0.11949990452173281
0.08932904402267854
0.08933294212662381
0.08933912418609039
0.11947937119692116
0.08936359751843413
0.08936497473206613
0.08938216268913994
0.11945249411655119
0.08939481184441249
0.08941761335883061
0.11939215780463353
0.1193860425865184
0.0894868570210531
0.11933460703737658
0.08954104867132678
0.08955647597661863
0.0895569621608078
0.08957492138595674
0.08960854868184161
0.11924487670655814
0.0896553078597776
0.11922304659724225
0.11922008616656568
0.11921907184214668
0.08970436933273415
0.0897278791905206
0.08973224538249581
0.08973787666599282
0.11915658367842637
0.08976132569754487
0.08981212148757002
0.08983829392771267
0.08987539030760706
0.08992258284108604
0.11900951261418374
0.1190024927749397
0.08996869294851784
0.11896847536135044
0.11895941825070716
0.1189526648339669
0.09002501758553635
0.09003690938602084
0.11891841968954887
0.09005431439576744
0.11890657558273772
0.09008340781725135
0.09009735335964056
0.09010174373438451
0.09011787350463879
0.09012946882781794
0.09013076495409161
0.11884949108512567
0.09013751406780557
0.09016823554306708
0.09017305306993066
0.0901773851405744
0.09018465287005682
0.11880952381917827
0.09023771147437744
0.09023956759325102
0.09024583545552607
0.0902599295327365
0.09030251460258315
0.09030285581492173
0.11870283675917541
0.1186925750232075
0.09033326019020413
0.09036900319518709
0.09036983026611209
0.09037413168654976
0.09038136024246576
0.11864781103169124
0.09038995243604815
0.09041272737671037
0.09042255046281765
0.11856568673747699
0.09048784363191394
0.0905267714608567
0.09052921503817749
0.09053055810037997
0.09056286559133842
0.09056554584617281
0.11849919084083405
0.11849775070938784
0.09057115707302113
0.09057459408493898
0.09058409570237289
0.11847025341930602
0.09064014779087136
0.11842419028192612
0.09066187406750219
0.09067360802660171
0.09071637314503389
0.09071771509133139
0.11837063197533422
0.09073205092953197
0.11835161783361159
0.09075444043636471
0.1183351821073174
0.0907873602728348
0.1182959948102301
0.09081512355793947
0.09082032809364277
0.09082037976997324
0.09082346875663083
0.11828445734118374
0.11827772053722863
0.09084952469809522
0.0908903957942965
0.1182178693052209
0.09090785842596921
0.1181975986486244
0.11819451168501646
0.11819141463697136
0.09095113578631643
0.11817394353326345
0.09096255817948666
0.11814594670381859
0.09099374066749681
0.1181448797959577
0.1181203456042979
0.11809970989005883
0.09105223508234277
0.11805933455541043
0.09110604229202775
0.09112648590497091
0.0911315055332592
0.09114750565840343
0.11800380661194156
0.11799980957464264
0.09118974186845678
0.1179791025127585
0.09119791363911325
0.1179645231300078
0.09121641209881834
0.11793457519346076
0.11793371419147178
0.09125961453612817
0.11790434577835023
0.11788480214001577
0.11786664728630021
0.11784091013651912
0.11783990718658074
0.09136889215588863
0.0913711309212121
0.09140808200583297
0.11777736529875753
0.09143651779226313
0.09144876222681511
0.09145561463381906
0.09145803032560107
0.09146702427193587
0.09148199803508257
0.09149916070901164
0.09154960007170025
0.1176762789188771
0.11767333992861496
0.09156791465974085
0.0915701644982708
0.11762482135728142
0.09162639250000171
0.11759570778615526
0.11757320456518741
0.11756451755768214
0.0917110816969522
0.09172906145426689
0.09173236438765352
0.11749314974355964
0.09180257616504575
0.09182654992749283
0.11743702210675462
0.09185142832161435
0.09185153726809656
0.11741596548582786
0.11741411758539921
0.09186327351337469
0.09188224734709692
0.11738891476312657
0.0918912340132
0.11738502840429686
0.09190218667580582
0.11737065328641019
0.091918748584018
0.0919413562759087
0.09195139042272318
0.09195845157030799
0.0919596113646643
0.09195995387469372
0.11732182992126693
0.09201171099879188
0.11727105193287983
0.09203423401655977
0.11724441536993296
0.11723228292179744
0.1172185410821764
0.09209114911894015
0.09209991397856365
0.11719590203389876
0.11716366590174669
0.11716357830375927
0.09217890445973463
0.09218469772645287
0.0922164844872254
0.11709407758613313
0.09224987100748411
0.1170362086463168
0.11703061459088739
0.09230867472877562
0.09232134430767111
0.09232384830445012
0.09232813389976743
0.09234150400872683
0.11698755262376097
0.09238628060612754
0.09239704215066645
0.09240791611099912
0.11692763898937075
0.09242269022326853
0.11691692790741799
0.11691440828290159
0.11690629950816318
0.11689612610409299
0.11688226176604408
0.11687864737775538
0.09248378333204904
0.09249689283726863
0.0925056600945019
0.11682028798577075
0.11680014427630496
0.09261443900722094
0.11675312592310157
0.0926402161335781
0.09265975243470762
0.09266133650486022
0.11668854299833088
0.09269309781319723
0.11668009488955795
0.11666051902569867
0.11662873762680118
0.11661792030816884
0.09278466521243386
0.09278588658270724
0.09280437745223051
0.11655655050361247
0.09284871158179589
0.09286452196132712
0.11652646755920852
0.11652314357974235
0.11651838866515188
0.11648647968832843
0.09293945850247415
0.09294547676872321
0.09294647686390457
0.09296240583145539
0.09296557899017545
0.11642514028414112
0.09298812018450006
0.11641043559245619
0.11640350572433082
0.11639218950729169
0.11639114702379395
0.11635384439364405
0.09307320468297514
0.0930839394187444
0.11632846258067599
0.11632484908609653
0.09311720760565327
0.11627910521124728
0.09317428963935594
0.09317526309076346
0.09321316800107197
0.1162059798726507
0.11617882699597638
0.09326432081412105
0.11617311521952475
0.09326563199807877
0.11616843247591789
0.09329905990259008
0.09334723279593776
0.09336278285548488
0.11608426256300042
0.11607191410419138
0.1160700678665077
0.0933963646487456
0.1160534033798671
0.11604694532954211
0.09341265660237177
0.0934140650738717
0.09342997801661282
0.09345675749594938
0.09346212873940266
0.11598989492346728
0.09347480836032278
0.09347625717681547
0.11597507070514895
0.09348856792915923
0.11596879065769336
0.09351085027111145
0.11594852781523589
0.11594750329660537
0.09353241637694627
0.09354398991296535
0.11587341840547541
0.1158676529280137
0.11584593847496455
0.09362394353278868
0.09364265755177936
0.11582265471751138
0.11581832967551497
0.11578028948866352
0.09372535476413653
0.09372703992058448
0.09373501307040252
0.0937352379734781
0.11573478707634786
0.09375061197779948
0.09375753541041387
0.09375877825709829
0.11570769528085982
0.09378982428467106
0.1156906698440383
0.09379993568691669
0.09380466875180853
0.11567603675173413
0.09382626372530677
0.09383224934104778
0.11562306307871227
0.09390095017934151
0.11558534880226358
0.0939338790159458
0.11555746475345854
0.11555568975641993
0.09394637141295988
0.11552523288733786
0.0939699734802102
0.115493485742671
0.09400970106000872
0.094021816388139
0.1154723374521357
0.09402735279655625
0.09405357910164652
0.09406168088979065
0.09406416377820474
0.11542624127459929
0.11541968867264528
0.09408452043010178
0.09408984322670812
0.11540847524085263
0.09410304821890632
0.09412052684588673
0.11536424535532255
0.11536180915614498
0.09416279594477728
0.11533918226344854
0.09418792401324412
0.09419244532990373
0.09419487733496318
0.11530293995626821
0.0942084044653539
0.11530045656772925
0.1152891259042623
0.11526678180485667
0.11525744249742195
0.11525743552074394
0.11524548702055688
0.09427743135465728
0.09429577852628747
0.1152178259843825
0.09431876132542309
0.09433754701401068
0.09434357329667657
0.0943463736660867
0.09435503133650959
0.11516010872639251
0.11515488533780825
0.1151445966064533
0.1151379709993473
0.0943858152993316
0.09438921860413241
0.09439549966594629
0.11511446939327082
0.11510758420763559
0.11506463117940782
0.09445991223370198
0.0944640871042054
0.09447360865674825
0.09447839953362254
0.1150154816918472
0.1149996784736593
0.09453291761549128
0.09453319729060176
0.11499142413805569
0.11497650674897635
0.1149513071152946
0.1149493388158499
0.09457940371684473
0.09459885246218341
0.09459935411376659
0.09461337872166894
0.09461975206477698
0.11490534797160386
0.11489790875381876
0.0946448922628932
0.094657762313314
0.11484104664872609
0.11483057319104754
0.11478317615770568
0.09475461357103226
0.11477798974027584
0.11476618894428149
0.11475134617940141
0.11473078846516936
0.11472635759277788
0.09481400023103655
0.11471008063668568
0.11470758113111246
0.11469370084608904
0.09486060022480064
0.09486704739592172
0.11464994398747994
0.09490090988347104
0.11461677093657656
0.11459748996632044
0.09494398138147554
0.09494954367314684
0.11458788109632663
0.09495339989558133
0.09496853853216841
0.11457057784593118
0.09498939023935905
0.09499834616911025
0.11453979430804868
0.09500450139247031
0.09500471293421497
0.09502305586834218
0.09502917648877064
0.09503739468983977
0.11449569876235037
0.11448755495202537
0.09505700848105177
0.09505784351241588
0.09505824413813971
0.11446123492207427
0.09508596676687159
0.09509761231996951
0.09510033478736553
0.11443726445339887
0.11440204161356386
0.09516526570159918
0.11437089331013595
0.11436789099614243
0.0951860763303865
0.1143528625029046
0.09523011631938365
0.0952366042948669
0.11430512581589573
0.11430224412314084
0.11429298177462481
0.11428688606659902
0.09527130818515364
0.11426684788338687
0.11426532019543531
0.1142539110175147
0.09530061958952551
0.09530368713059781
0.09530699097125585
0.11423008732697935
0.1142095273670404
0.1142084666993654
0.09539504706830411
0.1141483523284047
0.0954000489227329
0.09540493850965864
0.09540723644229708
0.09541292304555012
0.09542353684602337
0.11409411938318298
0.095462588384099
0.09547796790644877
0.09548403133223321
0.11404372864340373
0.11403802378565424
0.0955165982596761
0.11402963816056978
0.09552337093243367
0.11401293146554094
0.09553918046414778
0.09554441261874087
0.09554832995807128
0.11399704694402867
0.11399506868850402
0.11399324522554162
0.11398382065473987
0.09556530227461657
0.1139766621954735
0.11397073272458513
0.09561786935345146
0.11392283137279717
0.09563435421095758
0.11388733167812581
0.09566683366563467
0.09567206175072873
0.11386854866602786
0.11385901378769397
0.09569665722748041
0.11384820082764806
0.1138072106525399
0.09574607852179445
0.09575554763529716
0.1137800331637286
0.11377177016328592
0.09578745915341667
0.11375652110028592
0.09580649402533045
0.09581266190409211
0.11372710275798018
0.09584619196097555
0.09586010671268913
0.11368019472299329
0.09586501443195164
0.11367702816171066
0.09586753264304745
0.11364472768899112
0.09591517080530082
0.09591804795821508
0.09592476428377579
0.09594410778228443
0.11358580737546106
0.11357867267940051
0.0959723262549925
0.09598382512217152
0.09600670878431475
0.09601821600496648
0.0960221913532779
0.09602757707804413
0.09602811413876104
0.11350931838477953
0.09604678758963577
0.1134877826147582
0.09605876611494686
0.09606589812664909
0.09607115492579832
0.09608974052582403
0.09609039835038527
0.09609313903773187
0.09609642883217387
0.09610633804077993
0.09611129764205258
0.09612400415813703
0.0961454664229994
0.09614598935558304
0.0961461139386708
0.11338252066691978
0.0961568639566085
0.11337648321297185
0.11337244404696172
0.11335330118541653
0.11334882214521716
0.09619393170635324
0.09619869716444159
0.09621238359264575
0.09621254309112745
0.11331820496640094
0.11331614389645252
0.09622032348548822
0.11331032128904758
0.09622719592904413
0.0962463509878813
0.11327195541698844
0.09626278628890374
0.11326452157073554
0.09626911212216838
0.11325458197777553
0.11324262083908482
0.0963097505089956
0.09631395551247099
0.0963240537741527
0.113196990683885
0.09634641609946057
0.0963497638685518
0.09635169442902218
0.09635553786751551
0.09635736180093436
0.09635915160397915
0.09636226357750151
0.09636967227328748
0.09637787475930644
0.09637951542829867
0.09638187880022017
0.09639611630435228
0.09645811600888406
0.11305606822142114
0.09647281871064854
0.11305124227117537
0.11304004948846513
0.09648894360157323
0.09648966274124893
0.11301708199461008
0.09653737948120378
0.11297833183796527
0.11297644739295178
0.1129701997442768
0.11296844802748968
0.09655247959066886
0.09658986173917083
0.1129279321463218
0.09662587654448254
0.096641750660406
0.11286630014665243
0.09665906765158053
0.09666468540285435
0.11284954642434243
0.09668180324349859
0.09668599368733287
0.11281431427725279
0.09669849109175545
0.09671357106860262
0.09671574280367196
0.11278494085792781
0.09673288434881741
0.11277402419914304
0.11277077873847535
0.09675759588282634
0.09675838862318313
0.09676168012144212
0.11273151280588863
0.09678988315645537
0.11270549596833446
0.09680701235848485
0.1126958322617474
0.11268784678846235
0.09681773389132564
0.11267809931580772
0.09682877381178566
0.09683409401767197
0.09684013994432204
0.11263349393034963
0.11262657064463237
0.09689277566195809
0.11260325587831597
0.09691688182326694
0.11257942420528755
0.09693682058760843
0.11254041980181055
0.09698028641916896
0.11250984959798982
0.11248004831031277
0.11247217426306926
0.11246650525437878
0.09704536158704694
0.09705886426793399
0.11243046599645545
0.09706689135429336
0.11241232724387257
0.09707840062583716
0.1124042493776843
0.11239699497061942
0.11239097635351021
0.09709982153161048
0.1123841730829976
0.11236532782205609
0.09713256135134275
0.09714147943137988
0.11233549132618524
0.11233157349684642
0.09715486729972245
0.09716375286431728
0.09717393433989058
0.11230579408966727
0.09717789836689866
0.11229565393809378
0.1122900460982271
0.11228630551728708
0.11228210135001412
0.11225661001014256
0.11225109347098751
0.11223909615197844
0.09724978397484108
0.09727147723798295
0.11220123243677879
0.11218300065312882
0.11217583183544375
0.11217506875084159
0.11216712386031541
0.09732473318466926
0.0973285389869864
0.11212148955451932
0.1121206703048694
0.09734867112851704
0.09735476266301386
0.09735931730588179
0.11209639706465359
0.09737383724855186
0.11208738628754633
0.09738273672522661
0.09738521646724003
0.09738994861223305
0.09740179257582536
0.09740457873637674
0.11205413902437622
0.1120479474219322
0.0974169207524837
0.09742038156957411
0.09742190156550627
0.09742293651497999
0.09744237306885102
0.11200800497485494
0.09747322325584928
0.1119774088343486
0.0974861031117407
0.1119555188639015
0.0975111804921892
0.11194040437914693
0.09752569305868077
0.09752684479644103
0.11192592258537903
0.11191160298851688
0.11189584210713543
0.11189536017650452
0.09755739302106513
0.11185963968933192
0.1118452197094541
0.11184334592584301
0.09760611371298972
0.09761012555153892
0.11183584273104083
0.09764265158041913
0.1118014591592368
0.11180103408688304
0.09764681397386092
0.0976484986784568
0.11178876288551458
0.11178116984563481
0.09766380588705613
0.09766810209047046
0.11177144536312346
0.09768114710603203
0.11175757642079774
0.11173338956365092
0.09770820615563608
0.11172774739264696
0.11170514382068111
0.09773781852239369
0.09774031363738414
0.09775363029608039
0.11167865101882674
0.11166947535619295
0.11166681613542506
0.09777999232458334
0.11164731361019463
0.11163783594186315
0.09781279728168063
0.0978181976722305
0.09782265741302514
0.1115990921442082
0.09786093574791468
0.11155855507880164
0.1115117960017298
0.11150775316129337
0.11149294266479651
0.11148293586683247
0.09793807507591064
0.09794386499758449
0.11146439452790005
0.11146434724758165
0.11146368712577438
0.11145778858796662
0.09796176993250147
0.09796480350050157
0.1114506716225101
0.09796806834444671
0.09797427230336406
0.11142529776273113
0.09799918179257196
0.09800509963828687
0.09800909505682358
0.11139982330354752
0.11139844558381003
0.09802117673155192
0.11135034050781073
0.09808235722654471
0.11130772962759981
0.1113053340283974
0.09810627364925875
0.09812527015602289
0.09813257599502674
0.09813636983578239
0.09813827777219578
0.1112531694868151
0.09814707359840774
0.0981482629446556
0.09816566235991653
0.11121083538430487
0.09818677255086769
0.11120830675969362
0.09819303300732055
0.11120091549296399
0.09820162585226523
0.11117227672263975
0.09823373153538131
0.09827092040329234
0.11111294180852373
0.0982936032580708
0.11109164383198356
0.0983413475195092
0.11102076461164369
0.11101335881990673
0.09836620106514256
0.09836905831592845
0.09836991915064164
0.0983830159457733
0.1109778375232101
0.11097668046397063
0.0984035714928398
0.09840462223738378
0.11096973072623705
0.11096880062480459
0.09841457269782439
0.11095017771123114
0.09843997269824672
0.09845210503268798
0.09845253412088883
0.09845916206864458
0.11090320033965526
0.09846649762382233
0.1108982804879602
0.11088600978188894
0.09848391299074556
0.11087342589980448
0.09850301114540551
0.11084950685360445
0.11084583065561976
0.09854187025951093
0.11081094427130006
0.09855378477819214
0.09855551739025106
0.110804018324728
0.09855739289594091
0.11078578958461315
0.11076809252681688
0.09859195568044576
0.0985925703291099
0.09860023917295445
0.09861341762864086
0.09862062161867684
0.0986256316193452
0.09863799441459638
0.11070974116337366
0.11070137556549473
0.09866533825757098
0.09867555949119618
0.11066641092827649
0.09868594519881024
0.09868739383296543
0.11065330772612746
0.11064958916397212
0.11064390178696668
0.09870285934437771
0.11060887570538398
0.09874024188545702
0.09874248302628588
0.11058651336003412
0.11058457346340957
0.11058295262174671
0.09875764915710336
0.0987871050745685
0.09880277068696143
0.09881317644379367
0.09882861463160117
0.1104948036312783
0.09885575710158094
0.09885956716991524
0.09886293723137206
0.11045441404683919
0.09888603018312925
0.09889164649837622
0.1104043782585727
0.11040076125815039
0.11039289802181394
0.09893067355946382
0.11036086755227144
0.11031102177109013
0.11031070194738715
0.0990084129540474
0.11030025328164124
0.09901700007381624
0.11029504268344795
0.11027009183052439
0.09904184905801147
0.0990430562582124
0.09906308527627139
0.11024353624072912
0.09908391197562486
0.0990856354612355
0.11020349900775492
0.11019647457189923
0.09911217101605643
0.09912094331697598
0.11018193840671758
0.11018154564146036
0.11017495680103706
0.11016876546826881
0.09915425592595283
0.09916250232251277
0.09916558877106806
0.11013125690050374
0.09916848599218651
0.09918569346082137
0.11009915956282403
0.11009133400238835
0.11008938729074835
0.11003750637759463
0.09925768024785858
0.11000498368257079
0.09928315257856142
0.09928721136306656
0.09929756784255263
0.1099807670448667
0.1099805116406909
0.09930512959660583
0.1099750317131731
0.09933758686909247
0.10991033635078237
0.09937643385691854
0.09938887787940001
0.10987645739291903
0.10987265981478142
0.09942617872413491
0.10984096173343824
0.10983143435939317
0.09944087511195965
0.10982642326437445
0.1098181590931121
0.10981572900626146
0.10980640336535231
0.10980361602891904
0.10979323582365598
0.10978437304313932
0.10977921188419153
0.10974343665529179
0.09952237098131118
0.09952816744618315
0.09952829625001514
0.09953470356999906
0.10972473143673714
0.10971976033490799
0.10969853633004265
0.09956830575097836
0.10968090157724567
0.10967546870456304
0.10967390764367405
0.09958191568598113
0.10966938150929365
0.09959341660105203
0.10965456306731337
0.10964411838526608
0.10963748761854838
0.10963354980154645
0.09964743832372236
0.09964825206133117
0.10959606038453545
0.09967038423857436
0.10956770947225314
0.10955929782464774
0.09968648140599645
0.09969664988216143
0.09971477535049314
0.10950846472630535
0.0997352382405953
0.10948775457420327
0.09975020145439054
0.09975553667945158
0.09977459238560143
0.10945022731235064
0.10944405227142015
0.09979298030802992
0.10941149073911145
0.1094070590292155
0.09982393560185956
0.10938802373036026
0.1093773131551947
0.09985043379357934
0.10935521880103682
0.10933809001345467
0.10932164192943863
0.10931553963201739
0.1093076974074384
0.09992846431763859
0.09993630670501936
0.1092786060987976
0.09994571769762808
0.09995223691050374
0.10925642487439285
0.10924378659072174
0.10920769250785688
0.1000066797640397
0.10920148213495619
0.10919649335799779
0.10002740101277213
0.10003021299887901
0.10003614559119223
0.10004480806987574
0.10004872488132754
0.10004894782233131
0.10005204004399953
0.10005875299061512
0.10006029042463573
0.1000681450468617
0.10912047569644635
0.10009979629382317
0.10909447768172252
0.10909021711083773
0.10908425232578658
0.1001251645161743
0.10013506080785271
0.10014087302794943
0.10905253842182258
0.10015805622195355
0.10016477645070744
0.10017281239983915
0.10901560730564518
0.10900173577933174
0.10899758598409051
0.10899662254794333
0.10019647048272788
0.10019758366396125
0.1001994625605218
0.10897772507577701
0.10897541287047936
0.1089692321418587
0.10896815889260376
0.10022283789173622
0.10024886745672214
0.10026725927292923
0.10891045825826692
0.10027446082227
0.1002746512262767
0.10029578697853218
0.10886638223130467
0.10886510926389674
0.10031621981757827
0.10884296795287865
0.10883606885367093
0.10883344472418353
0.10879613549425932
0.10037749760088073
0.10879158974745744
0.10037832929368999
0.10877898210416899
0.10877047415638381
0.10877028623479838
0.10876374964138805
0.100445035720003
0.10870605659336233
0.10870491057266414
0.10869958390104172
0.10046696785024235
0.10046777580387514
0.108682189286202
0.10047723188486563
0.108663422693481
0.10865919078248606
0.10049951049001471
0.10865565284828387
0.10050079997708736
0.10865224840324214
0.10052138487905204
0.10862383888089414
0.10053310379243295
0.10053447065766102
0.10859004536154401
0.1085820208446494
0.10056719419264797
0.10857509267000102
0.10855886767848782
0.10061071047599089
0.10061936311232239
0.10062675024680767
0.1084987329006652
0.10065393059927415
0.10065831182383976
0.10847435538483226
0.10067246610869657
0.10846241859268449
0.10846175115092194
0.10845572925172789
0.10844595114938549
0.10070080450056391
0.10843261517939444
0.10073102891221454
0.1007423806301866
0.10074626070120923
0.10837123857420497
0.10075987705330967
0.10077180220499563
0.10078371615987647
0.10833244964752548
0.10831540901428949
0.1083150808571869
0.10080840507493007
0.10830880676735058
0.10828600878129369
0.10827961065893656
0.10827413716496541
0.10826238156701067
0.10088189208028928
0.10088321803270076
0.10822175387466355
0.10089403606609251
0.10089854629858126
0.10820368879634101
0.10091201238082784
0.10819256905025292
0.10092238858250825
0.10092392151872037
0.10818455638825068
0.10094287336166927
0.10097130096999449
0.10812980005759139
0.10097914884752587
0.10098021040563579
0.10810433165784179
0.10810271302120676
0.1010122331586891
0.10102627982315934
0.10102815582223774
0.10103465570835127
0.10806088375570007
0.10107288505010636
0.1080016734075624
0.10800140543186107
0.10109935017450701
0.10797701317913808
0.10111456955279337
0.10797270766054001
0.107970852901257
0.1079708403416894
0.10113267464438208
0.10795288877088444
0.10790300010785121
0.10790172361506101
0.10789769712815762
0.1011856342204268
0.10789053280286284
0.10119076304849457
0.1011931672258359
0.10786965963767572
0.10786145757867263
0.10786145113570786
0.10122140048326018
0.10784175439603813
0.10123733490139099
0.10125407710007034
0.10125759070615495
0.10779814150799918
0.10127820213194412
0.10778677121603175
0.10778183953138289
0.10776919370505715
0.10130180603484436
0.10774277713495174
0.10772915198802721
0.10134055806400222
0.10771477705380379
0.10771364843300718
0.10768796352344277
0.1013750044101532
0.10768492647521606
0.10138329585245553
0.10767093478832603
0.10140828102086155
0.10141919471465943
0.10763222542126362
0.10759961728888741
0.10145911856392151
0.10145922815706902
0.10757301971122296
0.10756886890322752
0.10148121884660041
0.10756401602802532
0.10756341063179486
0.1015100333660028
0.10151100737616828
0.10752024012913085
0.10154612894028608
0.10749173100365067
0.10747278597699893
0.1015689757711512
0.10746984022277373
0.10159369551578346
0.10744108352011597
0.10160261039042932
0.10742922578306002
0.10162394156032573
0.10162406940094763
0.10739387984796496
0.10164163840799416
0.10739023487812373
0.10738902252652352
0.10738615845215511
0.10164715598982589
0.10164924557499952
0.10737856765916277
0.10165598866578439
0.10165993241311759
0.10736904053775771
0.10736734891486156
0.10733822804576003
0.1016944272218556
0.10170346983278127
0.10732107648151384
0.107310979804073
0.1073109007653226
0.10730353556706523
0.1073023169062857
0.10729156965309117
0.10175246851487112
0.10175253229193362
0.10176426001868354
0.10177999687742428
0.1072294187900753
0.10178831851970722
0.1017898406963008
0.10722735749914548
0.1072221056886808
0.10180118754900828
0.10721097842119102
0.10182448577447455
0.10183279246275814
0.10716951492253111
0.10184996475709224
0.10185433302660395
0.10185995427559079
0.10714415060079709
0.10713417486616392
0.10713369011234669
0.10713032805453492
0.1018811508845166
0.10710556082796903
0.10710404458127723
0.10190224470329629
0.10709882018180182
0.10708927897315458
0.10192393387565962
0.10193493066205937
0.10706794722498923
0.1019367775188887
0.10195561324486498
0.10702692823084502
0.10197460653057004
0.10702224794207205
0.10197794332416966
0.10701890358617604
0.10198144990371398
0.10199475013295471
0.10200045595085612
0.10698983831535694
0.10698789111542018
0.10698078799534658
0.10697753029164425
0.10202071422047668
0.10696226709010331
0.10694997934577329
0.1020486528176876
0.10205597891494073
0.10207106894451172
0.10690980262664923
0.102084159559713
0.10209156681490321
0.10211269847007313
0.10686515774091492
0.10212253979491207
0.10213802651245182
0.10213852917141805
0.10684059416415895
0.1068044888880787
0.10679563862257711
0.10218362363126732
0.10679480271704017
0.1067834452850501
0.10220284091157936
0.10220774724433666
0.10675113849070332
0.10223876078248774
0.10225607148929523
0.1066915013292649
0.1022886831535986
0.10667833012810304
0.10667224645019634
0.10229751556775743
0.10666710931663728
0.10664407493583661
0.10232862859610302
0.10233364442141026
0.10662472784983665
0.10234193035807686
0.10662159742230602
0.10661785365739729
0.10236287762154554
0.10236481717559989
0.10236551509555575
0.10237456118040955
0.10658193538844637
0.10238525814736651
0.10656961241243512
0.10239139505503009
0.10239759325070442
0.10240194400824311
0.10655539455901263
0.10240764807032143
0.10654632993608795
0.10242666731617675
0.10652358546545916
0.102436709361843
0.10244354566341039
0.10244561143535252
0.10245200576642964
0.10247243805520775
0.10248523813838632
0.10248708689662181
0.10249074045557938
0.10249618784573063
0.1024966053882619
0.10251051555574742
0.10643128982862321
0.10251906372778963
0.10253051938964315
0.10641376620986609
0.10253431406405591
0.10254135831139043
0.10639747838233772
0.1063947724744187
0.10256430175134923
0.1025674590569217
0.10257059042849231
0.10257265266765271
0.10636898425919028
0.10636764383147243
0.10258206870820313
0.10258314719452637
0.10259720863770283
0.10633923936625608
0.1026084522159198
0.10261377467479536
0.1063230536583067
0.10261863633582836
0.10262324962502441
0.1026376650975577
0.10265562650631925
0.10267305083505063
0.10267466140454161
0.10268600052829738
0.1062481894519423
0.10269633777911315
0.1062355091485935
0.10622187790617081
0.10271235731556773
0.10621940065962913
0.10621835398353432
0.10621512556032092
0.1062029200631546
0.10617743595582882
0.10275627666658324
0.1061722251699942
0.10616988591866848
0.1061693901032553
0.1027692254401959
0.10280542595791531
0.10281332930893843
0.10281402785888565
0.10610575422630172
0.10608118696579652
0.10606331398547815
0.10605507753761556
0.10603892335388027
0.1028979884693888
0.10601156467789906
0.10291132181348057
0.10291450450888961
0.10292290284011703
0.10598674646215583
0.10597887149534126
0.10596764558433303
0.10596397160696039
0.1029541689507432
0.10296748395495893
0.10296852862061333
0.1029754372017642
0.10593613433357449
0.10593002559481005
0.10298363562580144
0.10299698694188326
0.1030196717974791
0.10588991328719059
0.10588268463267357
0.10587410965056693
0.10304644203731726
0.10304963583442539
0.10585727064409466
0.10306245101680224
0.10306628021292026
0.10583081458051087
0.1058224943628819
0.10581279465842845
0.1031051193609412
0.10310621095387472
0.10578448504170536
0.10312673338608015
0.10312988854123882
0.10313566035964097
0.10314487671058771
0.10315334035876467
0.1057465479255752
0.10316635909347519
0.10572781358623887
0.10572047912828851
0.10571483979023186
0.1031860851416499
0.10322817057655882
0.10564626182798234
0.10564102264395693
0.10326963527745765
0.10327168734009093
0.10327988601252043
0.105596129472736
0.10558973880476792
0.10330338722306742
0.1033119147930022
0.10337449714807186
0.10337746761568971
0.10337947604416384
0.10548434824096559
0.10340469147618295
0.1054623807336621
0.1034580475712522
0.10542315812000914
0.1054223228824247
0.10541157072994001
0.10539843736009395
0.10349754352257723
0.1034982842998409
0.10350397463853567
0.10351042594498173
0.10536460896133065
0.10535411604738099
0.10352853376753084
0.10535119466677055
0.10354137928794434
0.10354680830067656
0.1035554203400877
0.10355658856262126
0.10356506652761463
0.10356760857028731
0.10357255036766651
0.10529498681049562
0.10528899838537514
0.10359313856392209
0.10361426389310138
0.10525741718238772
0.10364047345583659
0.10523475283024575
0.10522646966823934
0.105216883382728
0.10521518316087226
0.10366244810321013
0.10519842682395494
0.10368279907658101
0.10370499728703628
0.10371289107160138
0.10514579179301628
0.103771314689844
0.10509749632257676
0.10509483891110975
0.10378821159863262
0.10379682392780851
0.105066118538654
0.10505694178270318
0.1050555372222327
0.10382042401534923
0.10383457673081287
0.10384839634160266
0.10384855453477398
0.10384915704267192
0.1038590391927479
0.10388625483967451
0.10388881498232047
0.10388979343485195
0.10389541448431809
0.10496733655851888
0.1039126323642199
0.10391318084503982
0.10391334274067011
0.10494820822373926
0.10392307092447327
0.10493630663691456
0.1049078707131297
0.10397907958894026
0.10488256282727339
0.10488255449918146
0.10487449088415518
0.10399198609483003
0.10399473457734777
0.10486169226460597
0.10484776490580414
0.10482139135495079
0.10481411546475805
0.10481247596420494
0.1048075294574529
0.10478709943525251
0.10407657640323197
0.10408684500690787
0.10474502756095845
0.10412091753132804
0.10473931406227328
0.10473341510095446
0.10412895738302452
0.1047034559813724
0.10469904353124233
0.10469813088852091
0.1041779494962605
0.10418610707338732
0.10466394932491117
0.10465970901363275
0.10420311647239096
0.10420956993822579
0.10464856578910635
0.104628118965703
0.10461803864697979
0.10425424184300429
0.10460286487826469
0.10427222151962105
0.10428726274034267
0.1045667054663579
0.10456507772437666
0.10429556355194168
0.10456238858770993
0.10455831707178653
0.10430252212662158
0.10430664773338695
0.10430844240505995
0.10452417259517885
0.10434670610283998
0.10435496565908377
0.10436647374389489
0.1043669856930972
0.10445267108532255
0.10443827915765169
0.10442280462126409
0.10443579451350399
