initial_eccentricity
0.18714815483951264
0.1835748581437224
0.18309617915273937
0.18031265743926753
0.1742963962828712
0.17326583766798145
0.1696411012222084
0.16943671516561667
0.1686736512550284
0.16846753427959701
0.16845036898733742
0.16844088283712513
0.16811905365111177
0.167607098489719
0.1675622410393809
0.16728982296590178
0.1669007981108712
0.08395960897934328
0.08411952091128694
0.084675941918271
0.08324029536470662
0.08471722356976878
0.08313322148694009
0.08301416761082367
0.08296433416345254
0.08502824437448984
0.08277182512285201
0.08520673309954789
0.0852151482564566
0.08225434317146292
0.08217711152262704
0.08614679055842431
0.08180236728846615
0.08635187424107603
0.08655497058711063
0.08666375774685184
0.0868196059115606
0.08704277659614233
0.08086801124339342
0.0807897115828202
0.08764506311239595
0.16656546052090726
0.16656525500703878
0.07985346356984399
0.07978366857817025
0.08832587550133315
0.0883560091936868
0.07928156222654177
0.079027620979834
0.07900452187570646
0.07896572909659554
0.0789252930935157
0.08909038543940423
0.07887687957584594
0.07883132817391487
0.08936665215141273
0.08937380298367653
0.08940720976367093
0.08957782683967193
0.07833688162888616
0.07825417812078558
0.0897491880320163
0.08976663170215686
0.07817660170964637
0.08984657176937855
0.07808293366568642
0.07794344404031954
0.09013848442969762
0.07778054698838598
0.1664778399682754
0.0775207232633222
0.07751017772606902
0.09048970882751828
0.07729702285968752
0.07692348364629266
0.07690196545829805
0.07652098726557774
0.0764746053512148
0.07641706434918245
0.07640910055510686
0.07633216998741726
0.09155368481541087
0.07598066893932885
0.07573077360487841
0.09208749845519396
0.07554791226625303
0.07550029592126375
0.07543250586145636
0.09229536398698401
0.0923150100635831
0.07522521743500096
0.09268228358993381
0.07495930647308251
0.09273369136002126
0.09285387745710699
0.07424712658348744
0.07406733062893948
0.07385353911604074
0.07379750760812699
0.09383658628667416
0.07339694533368453
0.1662347935579595
0.07300464718845823
0.07298716959724262
0.0727893151052786
0.09447554070436383
0.07272347508136452
0.07270238040503978
0.07269637535473074
0.07248791556710538
0.09471254133319111
0.09489900283787109
0.07211412141110901
0.07205881131564022
0.07198453981143244
0.07191663535005788
0.07169289412454317
0.09533232803226246
0.07162492969537607
0.07147154920622731
0.07140651216433966
0.07122837646896372
0.09569089885725067
0.09570807148524219
0.07111030762578373
0.07104067520767206
0.07095947629170683
0.07076530561224278
0.07073566741266213
0.07064010277924672
0.07048417304352976
0.07032705313680464
0.06994742665485419
0.0965319594705477
0.06978436834537434
0.09675082583508679
0.06957409841985639
0.06956528855238164
0.09679680527618946
0.09703455109237984
0.06903203805298795
0.09715582408413936
0.06893435848612396
0.09721328732353927
0.09724774782908618
0.1659281473366088
0.06870129050213825
0.06820819498828097
0.09774846396337478
0.06805551240482176
0.06802270895125107
0.06785826904942983
0.06783558181565674
0.06783441938816556
0.06783364709562585
0.06779815082040214
0.06765725657852782
0.09815017206797301
0.0982547241807675
0.0982962586748252
0.0672395962013622
0.06722763810803738
0.09842229296689149
0.09855245256563698
0.06625613801628182
0.0989621787429408
0.06617718178859824
0.06617453365571753
0.0660978494715083
0.0657983473050157
0.16568868365445888
0.09938767382718594
0.06535555223074574
0.09953412802225221
0.06527287475918346
0.09962464172142232
0.0649217392914259
0.06488444752102572
0.0648385647413211
0.06483493405882398
0.10002849835541888
0.0645112589532279
0.06448132872356797
0.06445022269964824
0.0644349470151953
0.06432207010897659
0.06414418706175452
0.0641285972847576
0.06407810142022938
0.0640265471082187
0.10038104259591953
0.06376275822251903
0.06373089783973052
0.06369211048592549
0.06367200417125848
0.06365456321447549
0.06328975785054577
0.06311877594312072
0.06311132268266524
0.10103697822610742
0.06292141478534555
0.06285677421409855
0.10110086502527693
0.06281575540320873
0.06259451770944369
0.06254055683550376
0.06223797879728111
0.062131791809758495
0.06211840872162158
0.062083488610799924
0.06178578134195965
0.0617685749560243
0.06175279717758371
0.06174646692626126
0.10182642083006459
0.1018339865184116
0.061685939285461955
0.10189635114446978
0.06155051078356207
0.06133987355839526
0.06131574769751425
0.061215451867431235
0.10216099593214491
0.06115254168850646
0.06100386898426358
0.06099608528697762
0.10236757642351622
0.10248847376693804
0.06064818595964964
0.06063994879900236
0.0605498191014775
0.10262513643790482
0.060122557872249606
0.10287676981700859
0.06007932157710753
0.06000208536540348
0.05999213321442123
0.10306959499620763
0.05976393076404196
0.10322881556031221
0.05948478976731199
0.05946823217998898
0.10333665845047042
0.05933947654420646
0.05930338968125031
0.059199940321919345
0.05911507951470333
0.10363572936772349
0.05883431266413721
0.05872119084271518
0.05869571389345375
0.05867529627315725
0.05849343729442307
0.05848270737417126
0.05809968700967768
0.05808620764924451
0.10427639939238095
0.057904926234270085
0.05767283877671572
0.05760838752291842
0.05744902025965727
0.16504883309349488
0.10472079600910164
0.10484069671546851
0.0569868247423903
0.05697852297024714
0.10496723497411094
0.05694494849390547
0.056711358071588974
0.05664262630909356
0.056614526739591574
0.1053041337374711
0.056294545311050055
0.10549284519531175
0.05622001956601802
0.056127547970593286
0.05599648862966611
0.055961397250073416
0.055902151210038616
0.05579846493539565
0.05564566061467623
0.055634097555747976
0.10615040071403843
0.10636117865281715
0.05499344083363832
0.054737361556120086
0.05461677091930359
0.10668191329436345
0.05458627681558137
0.054527804093000336
0.05439233670168849
0.05426257646674054
0.054186024804788506
0.10709642281465027
0.0537597455657325
0.16474421719962873
0.053512376186080984
0.05319909071019534
0.05318642456656144
0.05310788649670085
0.10784842671213744
0.05307720755442584
0.10798805242617368
0.10834648220578533
0.05241204886440694
0.10840463364818943
0.05219704933930243
0.05191651571079446
0.10886733190538532
0.10904626612041289
0.05155431944579223
0.16456322587341127
0.10913519461224364
0.051434096075045725
0.10914665141358222
0.10920267491026361
0.051291626417653904
0.05106437404931121
0.050977248030400865
0.10950377443298719
0.05094817395618275
0.10962420160878372
0.05079738383771984
0.050676337421297075
0.05062220440295811
0.05056964118826165
0.05052692219601601
0.05040122952360206
0.11003201794895075
0.05023728904798869
0.05020162805485199
0.05013503569317306
0.050129206348059334
0.11027630321311285
0.04986069313648849
0.04978115752805331
0.049602422015228395
0.049512791677283126
0.04949521477428964
0.11070886367784104
0.11074314128981398
0.1107472662732694
0.049328182723740496
0.04931099390399091
0.0492131063731632
0.04919685963394617
0.04915903357160805
0.049158753659775824
0.0491315102892656
0.04912268735042522
0.1109601192812055
0.04906362674803618
0.04901752057164534
0.04892476146859018
0.04880930375917201
0.04873208273823534
0.1113101547813368
0.048511370511175586
0.0483852939755637
0.048322328392059306
0.04820466228465824
0.04817709119077912
0.048082834218016554
0.1118198740257939
0.047857104558633665
0.047824869625473276
0.04778393513356975
0.047768924903360564
0.04775800048194004
0.047707772518507476
0.04765704615210947
0.11208461011118778
0.11210502858122767
0.047491613005898714
0.047473398656776064
0.04733944977896013
0.16420641142093048
0.04724694890955556
0.0469085320134735
0.1125453413848635
0.04682699932548586
0.04682225481311849
0.11263114112806805
0.0467362041646845
0.046574280782820526
0.04656503009621622
0.0465047757706183
0.046413217272207055
0.04625958161205022
0.04599164672381512
0.045980700640167786
0.04597488918055355
0.04589666089697949
0.04585700896369345
0.04575531195646308
0.04573561940708646
0.04565466715857068
0.045649836597252906
0.04561413150323114
0.04551736402021397
0.045482625213956435
0.04530981321022628
0.04526392270734956
0.045250122226220775
0.04511316393040143
0.11375061570889691
0.04502349282597829
0.11380282240103502
0.04495118780849312
0.044849648592395285
0.11393763274354726
0.04473359994281575
0.044579252049274584
0.11407284283723153
0.04446602175474922
0.16396268051559998
0.1141664404409092
0.04434297290952794
0.04426211366539264
0.11424620640476761
0.04421806277858062
0.11455183138396828
0.04369915448182167
0.1146234435259014
0.043594006678041926
0.04352851441992212
0.04344131546231839
0.04336359811820844
0.11478450211323221
0.04334068048032542
0.043258407229091134
0.16385711729734728
0.0431474038941156
0.04312954111378863
0.043119890061063426
0.043016263385418356
0.11501992003632179
0.11505337716404347
0.11510106148487738
0.04276196867918799
0.04275582775316093
0.042730558548660834
0.04255130000797047
0.04251442696743565
0.042501438375612405
0.11531095088695928
0.11538120047400041
0.1153961185702378
0.04229564265742296
0.042263592926119864
0.042201112059684444
0.042148776389327
0.04211509662771068
0.04210760475952468
0.1155288127220037
0.04204754450364941
0.04202429319188704
0.04189175017178488
0.11565193415962709
0.04166938743991894
0.04157053546055387
0.041069111286631016
0.11610639373335138
0.04103708113834847
0.11620442968806162
0.04074831226263849
0.040663817136727
0.04061984913013389
0.04050742132721029
0.040476224899912636
0.040470312967475684
0.11644850454551332
0.04040862932332246
0.040389981272570354
0.04028525462617583
0.04027010890366991
0.040224825633249806
0.04019011244511119
0.04014094146548521
0.040105529148921286
0.116705957666854
0.11672387157033073
0.039890643811682745
0.03984652004431618
0.03976311984887906
0.11685381497636169
0.03966708128292627
0.03965246971990661
0.039647520562097846
0.03957483086406076
0.03949066785050433
0.039415394458658035
0.03938522519758773
0.039294136615010224
0.039052451313561186
0.11723943487717023
0.0388248121588081
0.03872506532075425
0.03872456355299067
0.11742720719362418
0.03864961359063177
0.03859055690561685
0.03851197925552238
0.038497356938937195
0.038496318623966186
0.038419435207051524
0.03835290475961249
0.11762305680055607
0.03830946599540178
0.03830507840003693
0.11769104474005229
0.03818180210698583
0.03816447888823874
0.16339413125583566
0.03803454513440401
0.03802376198292378
0.03800789190720732
0.03800537485198103
0.03780868744541553
0.03780434328943345
0.03762452228255606
0.03761437394217902
0.037542811177705436
0.03741581514123955
0.037413663415486804
0.037364023572015286
0.03734787814377149
0.037300369887877494
0.03716530317875876
0.03711218778081551
0.03697228018488432
0.11854880342315344
0.036648868062508284
0.03651278976712488
0.11883873539132195
0.036281101786219426
0.11891406805227707
0.11895909298100847
0.1190466192217242
0.03597651216405677
0.03591979648755689
0.035878272383160596
0.0358542013482356
0.03585198975121447
0.035720527208187684
0.03568026991944905
0.03567785432945961
0.03561829214361793
0.035613435556540445
0.0356116547453768
0.03557445187794917
0.11935844951713741
0.03545962853957476
0.11941951051440172
0.03541214813263819
0.11953998377513174
0.035252482221621306
0.03524383132909924
0.03523673160575114
0.03523234491642998
0.11962474120839169
0.03515852852245275
0.03515511692738081
0.035122085123523876
0.03498852544744109
0.11991309019895621
0.034712902226970314
0.03469749580336678
0.03468957209544768
0.034668328774628915
0.03451816806364923
0.03451661518887657
0.12015842756152333
0.03442244983551587
0.034341376567036196
0.03426652909932551
0.034212156711810306
0.03420878236692964
0.1203906163409474
0.03418053592827499
0.033973908391162
0.03396683384550968
0.03395442157265361
0.03393701984679892
0.12063442249281293
0.03383814402314196
0.03377596341298626
0.033749823413318274
0.033711816110911556
0.03364498344675977
0.03362904402189047
0.03358665552277948
0.033534416386007695
0.033418239602041766
0.12120150599429191
0.03329903590763678
0.03322661260684257
0.03320785571864119
0.03319602761873932
0.03315395037487024
0.033141350336669144
0.03307970852630911
0.033044725324567946
0.03297292932577531
0.12164389228717404
0.12166631251841993
0.0326921834475636
0.032691055082722374
0.03262991174862394
0.12204759547912403
0.03261373929385727
0.16289268399899162
0.03257935790764917
0.03253608113699872
0.03252541264542861
0.03247364521501511
0.12234774468925777
0.03240335972967085
0.03232280478825345
0.12252952345743706
0.03229073431724912
0.1227366218381985
0.032189949781818536
0.032147650476129
0.12298793210242875
0.032080981187011165
0.12307294525682044
0.12334408656821472
0.12343855186320565
0.031822165466387706
0.12381618437831662
0.031784134308742565
0.031771020625123214
0.03172766573744699
0.0316941297515749
0.031679089595702224
0.03165549624439287
0.12446184153430313
0.1247455612791308
0.031563721063901484
0.12487881381197895
0.12490599560845286
0.1250414452078835
0.12504740741982281
0.03149229755551359
0.16278692481666018
0.12536314810085766
0.12540455925114255
0.1254731434975972
0.03133424653039623
0.03131220449819506
0.1257466775176562
0.031280367927061625
0.03127153651777085
0.12589327100403813
0.031179534463970062
0.12602426333721647
0.03116088766037972
0.03115969103498285
0.031155527685197852
0.1261683376389198
0.12618659229374524
0.030938471871938888
0.030932598733256104
0.030929226086984545
0.030906257470745567
0.1265582811178004
0.030873032806188205
0.12661221548357407
0.030838794097951983
0.03081054521925558
0.03077311815456004
0.030756543378341532
0.030744715675100266
0.030642855862853046
0.030610986149452228
0.030578624112261494
0.030557194373114938
0.12714572988963677
0.030455077210073147
0.030447042540789324
0.12719389114190027
0.030379822760394776
0.03037403550720671
0.12731219133546648
0.03030463388658809
0.030278205758755634
0.030142481939109386
0.030136005375663785
0.030092692786723777
0.0299738586488875
0.029930075477385968
0.029906462822904097
0.029809379164518174
0.029777036734007632
0.12799923905152644
0.029563229859531696
0.1282257842900958
0.02948281546365803
0.02948118275169919
0.029363142305123126
0.029288968700692895
0.029265691009048342
0.02925876770601844
0.02922771407535474
0.02920113022984686
0.029196566590927037
0.029188406963862313
0.029184584862523746
0.02913224107467928
0.16256964748499422
0.028936783848762207
0.02893308506065113
0.028891528747363334
0.12879813436834237
0.12880169667588656
0.028882006557276792
0.02880552153990433
0.12888217475035224
0.028800245018363594
0.02846303114650298
0.02841318558179734
0.028375661558824178
0.028363334396707084
0.028335152477893512
0.02826126712733991
0.028204163862545602
0.02816680117101194
0.0281365991595471
0.02810048740780204
0.028092233171700034
0.028062302191662218
0.129695099921083
0.027979642149238915
0.1297332759552573
0.027956950865241487
0.0279376660545696
0.027894755673641584
0.027837910562341285
0.027831366014105408
0.1298944028986392
0.027803620082562323
0.02776213510435841
0.12998731077554615
0.02768510619899814
0.027572932310752717
0.027545199959720334
0.16242119462817267
0.027463864549294895
0.027394241748127494
0.027381204234190878
0.13048485236751975
0.027351741165788673
0.027341683734446454
0.13059431747121994
0.1306824043764429
0.02722914103936
0.027219639626278287
0.027180651837654897
0.027149337114925138
0.027127517014362414
0.027111941883544696
0.02709633073088872
0.027046916248089033
0.13516770140965378
0.13529723055582854
0.13500356836906152
0.13499480856876356
0.13542111724019662
0.13493474107986564
0.13547065781533857
0.13126075339610846
0.02694519210449519
0.1347189835605277
0.1357025654743961
0.02692677155391887
0.13576886255186402
0.13434569483501096
0.13587725072120022
0.13417253712358396
0.1340395566959748
0.13399691435711167
0.13397828661785724
0.13384302576338425
0.026815405317624812
0.13377219668880203
0.13612093929555538
0.1317945348523123
0.026768585127352203
0.1332635687869224
0.13318746543691531
0.026743283070145462
0.02672809365250924
0.13287695513180556
0.1328606737832429
0.13273227469611681
0.1326820525779384
0.13263963151683217
0.1326318856173534
0.02669268621632996
0.13640531969018066
0.026615214785578656
0.02654905615526389
0.026548577984415872
0.13664542680346548
0.1366575264868222
0.026409352760519096
0.13687520243441584
0.13687930311601165
0.02631558039037658
0.026306372161933857
0.02629064488991239
0.026274671305259244
0.026230768716088208
0.02618662601852685
0.16229261717694363
0.026164510919058356
0.1370699237282355
0.02606064372903781
0.026051214850070236
0.13718024125748116
0.026035153311978525
0.026023325242220476
0.16227441536719334
0.025946854261197767
0.025942817085992137
0.02591879570798875
0.025909422714631727
0.025890975172638005
0.025889448253165984
0.025884294395353048
0.02587442866793664
0.02579331212926261
0.02577945863852766
0.13742367927155724
0.025728749133663468
0.1374473997394046
0.025698928509441818
0.025682729403904307
0.025575598449307672
0.02547302961812356
0.025449218558818366
0.02542733254231068
0.02531847673774474
0.025317140877609008
0.025303169963715472
0.025299695012964196
0.1377617568699636
0.025244793923631048
0.025234783760528696
0.02521399343746147
0.025206794084671375
0.025186924339471825
0.025152253049394276
0.02507537932135054
0.025063231074263878
0.025044967219976462
0.025043622778394305
0.1380096062610922
0.02487661895795487
0.024865346161677876
0.024862334297245724
0.024842584675809434
0.024824535950391413
0.02480034975824614
0.024795983416411784
0.024783627502821048
0.024730425098718416
0.13813972382611123
0.02466744358747406
0.024646271629390242
0.13817376233401107
0.02460367118791946
0.024590480535881414
0.024586616710287917
0.16214205141971344
0.02452284328698376
0.024500960514935933
0.024416176928029665
0.024366809727727146
0.13832841838848572
0.02425756810607531
0.024216597112211212
0.1384133527530168
0.024002045738669226
0.023984539814796833
0.13852257588570072
0.0239207572215435
0.1385494801937951
0.13855982200105893
0.023856010703291464
0.02384896854858745
0.02370954613732851
0.023694231857981484
0.023691345072476916
0.023634166777326066
0.13868841790122624
0.023528842090288368
0.023516821945448272
0.023462312274689538
0.023392088184607144
0.0233805132242015
0.13879529173402408
0.023354904542363487
0.023346007146080778
0.02328623216176995
0.023177574838786554
0.02315645614196162
0.02309986414241628
0.02307707983442378
0.023067712896355536
0.02303597380741559
0.022951930773338503
0.022935233232351384
0.13901554556020793
0.02288672601587129
0.02287823933708011
0.02285426499751499
0.022836342592654768
0.02282277237051183
0.022793959450914305
0.02278231834403915
0.0227736167776213
0.022766553538434053
0.022698376943834867
0.022674170379591515
0.022570785456384877
0.0225388759736827
0.022523599700319166
0.022492484338890974
0.02246738938392828
0.022361934723244263
0.022330820403342104
0.022311942076791817
0.02227891756389834
0.022199010882444886
0.022161835206155146
0.022101695314014434
0.022071733643180314
0.022059997788473958
0.021966576519756323
0.02193352687283717
0.021921498623932684
0.021859249555821775
0.02177495231006721
0.021754052162835942
0.02170074468222915
0.021667857433660228
0.02164967019087513
0.021642717320407855
0.02162627534796429
0.02162537403894648
0.02159365397872273
0.02154094062269444
0.021529537283573236
0.02147514376082961
0.021402162413628176
0.13964034460559455
0.021308520664084032
0.021306168699339826
0.021257563632095154
0.02123447189220465
0.02122737650313221
0.021193769510438772
0.021162088646991636
0.021158487046396304
0.02114328226468559
0.02113675699894992
0.021127550984328197
0.021114264093564827
0.13974165191485433
0.021066020100765328
0.02106224175379195
0.021031429693213442
0.020972377305581057
0.020964757379447425
0.020959454135250383
0.02090996946152284
0.020905922341242906
0.020880176174741243
0.02086000732061628
0.020713617016962314
0.020699722456468672
0.020687155119877693
0.0206754865011079
0.020662990643039218
0.020622417973159002
0.020589715812249696
0.020581438299121072
0.02048272292292549
0.020433082743597505
0.020427129969317396
0.020359732417996587
0.020331698056743047
0.020317918324777185
0.02028562837439689
0.1400394517088289
0.02027503140615002
0.02025788888942753
0.020227430335645512
0.020172501454861776
0.02008816757968562
0.020084572770822814
0.020063262446513005
0.020041455917122884
0.020016521674823266
0.1401483249662981
0.01989676910669599
0.01983993486534367
0.01982048112809407
0.019795006174345885
0.01977204042941543
0.019740726540880632
0.019724016149457804
0.019710354619023932
0.01969816331118119
0.019681292020295664
0.01958850931941698
0.1402818864650872
0.019570844031073738
0.019565548996769697
0.01955873825298563
0.019550150663215925
0.14031502754561007
0.019442378596447457
0.01942124441192005
0.019418860090152968
0.019408678040380545
0.01937427378272054
0.019347944582158497
0.019335000711953623
0.01932900258044938
0.019322721607189168
0.019280754613702683
0.019275331992873363
0.01926911054625914
0.019267054076164608
0.019207900948612366
0.019205490695712854
0.01918350332945885
0.01912015539608571
0.01911678842225102
0.019098821194022092
0.019055906492874655
0.019039108299296968
0.019003693021065155
0.018895293467726088
0.01889149562405861
0.01885849596246944
0.01884213794410109
0.01882052133499787
0.018778162922895556
0.018772481843270673
0.018764441736797772
0.018762314058203968
0.018761639090695514
0.018744111634129583
0.018694507171126095
0.018682004663951125
0.01866767303549502
0.018654124299066214
0.018621803475578614
0.01862101487423649
0.018615036765373724
0.018599693394560364
0.018555567379510664
0.01854911135794162
0.018524556814150703
0.018481722188815646
0.018449211830700925
0.018418393020790968
0.018337519510195327
0.018322459123295838
0.018208644151367456
0.018143508162073982
0.018123692559936885
0.018122145495939285
0.01811097810074444
0.14076321996644509
0.018102750364897467
0.14077456597434776
0.01803636522944467
0.018022075522039688
0.017964694341174363
0.017963091427815117
0.017950813073441915
0.01794869731366108
0.01791504272626354
0.01790544205597564
0.017899010112717394
0.01784691194213452
0.017831724540535224
0.01779352485011075
0.01777054458992496
0.01773588414959544
0.01771063084763259
0.017705512057871856
0.017700759253697716
0.017656544266309623
0.01761422434894016
0.017613699331087525
0.01753842595001556
0.017509139227539924
0.017498756175518018
0.01749739620143467
0.01748338137218354
0.01741899297587749
0.017411429792521124
0.017399080561787145
0.017398079501433492
0.017356398735750247
0.01734565252482692
0.017293632496757475
0.017289930631706994
0.017280303162965943
0.017255033092617715
0.01725151832640908
0.017233309046954758
0.0171748579537788
0.0171466899422899
0.017124396212415564
0.017119567671418964
0.017116203787330368
0.01705616070261714
0.01703983475628469
0.01702969533935839
0.017026490203924275
0.01701066672726445
0.01695623266134409
0.01692456819425237
0.01691022969801528
0.0169012151719977
0.016849381402815288
0.01684195333449227
0.01683676661931513
0.01682302996571025
0.01677733828283214
0.016769400796589014
0.016763566670637903
0.016738028502782613
0.01669126009847505
0.016690094152225495
0.0166806631440802
0.016659986858786148
0.016631197716336178
0.01659444712873824
0.016591250840881075
0.016548308862800166
0.016547030046092998
0.016472796005274997
0.016471199222992113
0.016457844914838118
0.01645573953906568
0.01643286267321955
0.016428954888570192
0.016410208857160487
0.01639533063016211
0.01637440712243086
0.016337684155458342
0.0163033477129175
0.01629566538942559
0.01629077196660163
0.016230388764623842
0.016223324573793857
0.01620831924740059
0.016160171835937553
0.01611568426086647
0.016112254417298067
0.01611216273306073
0.016063530848501092
0.016022071514297912
0.016016580470762504
0.016015633689673375
0.01600370654090449
0.01596577443822666
0.01596052357231277
0.01593356787352416
0.015919270600134296
0.015837729920410503
0.015818354984345345
0.01581750859816947
0.01579567200809413
0.015782480171818464
0.015776470172500445
0.01577540882414333
0.015773272929835894
0.01576458612269961
0.015760344457089997
0.01571531897647796
0.015707697572809372
0.01570284357450189
0.01567968902208957
0.01567401171408384
0.015639516938497983
0.16129679619229187
0.0156201249260053
0.01555148313757173
0.015529584698008027
0.015525384207124886
0.01551048511838709
0.01550117542551583
0.015374772981760737
0.015364248375303481
0.015359868753056661
0.015339127527132734
0.01531178157517352
0.1415795188892861
0.015296512898979207
0.015269671878538074
0.015251801090958096
0.015223322439732184
0.015221120414206703
0.01516171801589324
0.015158592418378547
0.015148352062137967
0.015145947020163943
0.015119954712638953
0.015109313288232387
0.015102538106258624
0.015087837567427041
0.015066420477614851
0.015061739895298437
0.015059249377188444
0.015013231176540727
0.015003251411292556
0.014976370626313303
0.01495403900281284
0.014918605589889652
0.014908047491937328
0.014887009066549035
0.014886641624718715
0.014884749639585913
0.014879508658208593
0.014868002591863253
0.014840689870416335
0.014795307234636847
0.014795081467216632
0.014738961116452549
0.014734312491647736
0.014713283956449177
0.014693458711726028
0.01468872782255251
0.01467143469477258
0.01465980671553488
0.01463142001213678
0.01461930034696616
0.01460355424803685
0.01455263522925802
0.014516849795075415
0.01449452671317955
0.014471918230305518
0.014459000385302631
0.01444352816475121
0.014423735464639431
0.014416738862241832
0.01441149736071011
0.014386057244468491
0.014373077721938503
0.014369814212519245
0.014334865022412584
0.01432221740507173
0.14184072330571537
0.014316050060674424
0.014289520762187938
0.01428324247327148
0.01425114606545153
0.014229697652635574
0.014209699336538144
0.01420435919419358
0.014160914799073792
0.014138672042219276
0.014125178155645748
0.014113230452703872
0.014093092703016053
0.014056706625706235
0.014045376079357809
0.014043347026338488
0.01404166847886963
0.014028009088475792
0.161145220084422
0.014027181275890784
0.014023265808883632
0.014015738699577052
0.014001441520776804
0.013999250734180308
0.013996844394805375
0.013991212408124105
0.013985601417899191
0.013982732280495132
0.013976231751691359
0.013971935787641188
0.013950191484008912
0.013938445846717964
0.01392520935563048
0.01388266056689294
0.013855846902418754
0.01383508320135038
0.013824662619041706
0.013746945276962701
0.013745050678726767
0.01371966672427823
0.013707048827735385
0.01370084834871846
0.013689079060009147
0.013680160525783138
0.013670027731579644
0.013633831202755783
0.013618314051709808
0.01360659515951049
0.013600941847126478
0.013579490743202294
0.013564863273452677
0.013550966851242099
0.013540788536856942
0.013540083435250936
0.013513564461536816
0.013463802143348863
0.013452745992764062
0.01344735751665444
0.013445755012443628
0.0134169015334748
0.013332903379303526
0.013331416024979097
0.01329991519294704
0.01328546649928693
0.013239912569961043
0.013226893713942292
0.013224455418466204
0.013214743758815164
0.14213078887944083
0.013171987371384742
0.01313832672594463
0.013136657485980705
0.01313147786622475
0.013109169659885154
0.01308681526104645
0.013084192144823988
0.013076433028551389
0.013056969739177056
0.013054905114823859
0.013054700307399272
0.013049930463270534
0.013031592427560584
0.012995474462585244
0.012966898212761214
0.012962110482699303
0.012961769449681321
0.012950986009685098
0.012939154710600571
0.012938265928638525
0.012916701230831234
0.01290772996170647
0.01287149552269214
0.012853893589987222
0.012806239745338312
0.012761391693432045
0.012747106880664667
0.012709569421694862
0.01267499269053357
0.012663218182433164
0.01265276626578353
0.012602933843852193
0.012584689205592546
0.012558419749387501
0.01252956287951434
0.012524149526151199
0.012493174729693057
0.012452967038756795
0.012438561328525426
0.012431197027533385
0.012426061893852775
0.012414025435966782
0.012401942927760354
0.012398660031049542
0.012395133334032504
0.01235047273841301
0.012345847314668756
0.01234536282334877
0.012338257952663927
0.01233557745326462
0.012335059712662856
0.012332038061361381
0.01232555756433698
0.012302467880141301
0.012268700107695164
0.012266616887223185
0.012236586498133086
0.01221419994046184
0.012208499586121857
0.012196572121993104
0.01211583312780254
0.012112251562305243
0.012106788851659396
0.012104889642406148
0.01210328541998314
0.012091316658979523
0.012086376537877839
0.012078914430332256
0.012035555664711536
0.01200430389670723
0.011999786227467177
0.14242653822328633
0.011967144032505029
0.1424317353804056
0.011937322744132601
0.011917428622174686
0.011915369511816746
0.011859967149522681
0.011852913160914684
0.011802576817259476
0.011790883112552258
0.011769517505684494
0.011761587043935286
0.011731133137674755
0.011707611135691572
0.01166964965460955
0.011661260012149552
0.011661152031249485
0.011646164228111211
0.011633863038854716
0.01157786430693298
0.011534629309708895
0.011526525902494618
0.011523346356292784
0.0115195257522518
0.011517914708623456
0.011511739957451805
0.011506375056518588
0.01150427539539409
0.011502741906814358
0.011489365548788662
0.011482336095656997
0.011481113493238574
0.011479796972851182
0.011465819686065424
0.011410566553836921
0.011380985443463495
0.01137440487844793
0.011373092026103922
0.011369193286943627
0.011350600836425853
0.011343627246505061
0.011339231908133253
0.011334208995472344
0.01122628616926882
0.011181348760082534
0.011175609950815166
0.011146597967275509
0.011144379580432802
0.011134374562826411
0.011133930720082086
0.011121327075386489
0.011089321557775986
0.011058986128583416
0.01104791854481558
0.011031264039248721
0.011029801023592545
0.011022248459193836
0.011020305276515301
0.011016739557889059
0.14265526150450178
0.01099200064774497
0.010983988127718738
0.010964428401936092
0.01096177135436638
0.010952987893524628
0.010952527307813377
0.010938960211342538
0.010933408307025853
0.010929744650328569
0.010918181088564531
0.01091548868242566
0.010899577812472734
0.010893810771364325
0.010887973077087268
0.010874222774450912
0.010863899838476637
0.010857409299404605
0.010838801286279062
0.010823335322537595
0.010813416491407234
0.010812474977920143
0.010770171584477902
0.01076931873218163
0.010756221127324033
0.01074989872961872
0.01074538110530998
0.01069328026593346
0.01067514672034093
0.010662790841422043
0.010629122821536604
0.010627924827568011
0.010625601078661584
0.010621403581616631
0.01062049396771585
0.010608024349133823
0.010602452906937326
0.010595453760661356
0.010563353867916729
0.010551951019271942
0.010522272339098167
0.01051340047259072
0.010506632674564
0.010504350950561582
0.010501265170931645
0.16081525327517399
0.010481263077179353
0.010457127397335977
0.010453490096164461
0.01044853499414866
0.01041783144436623
0.01040980789270518
0.010406462484214228
0.010396961496184654
0.010392643176955374
0.010386737008574475
0.010366169633887999
0.01036441918362667
0.010353852335064043
0.010341859392879705
0.010338676894857826
0.01032245645086484
0.010318831554621481
0.010311695128933325
0.010286297950275799
0.010269334361535955
0.010268304960144548
0.010260963633131635
0.010252108261638245
0.010251579726205525
0.010237214926569253
0.010200681578920184
0.010199999962139073
0.010192143049017369
0.010185909245574463
0.010185723962345405
0.010171665995841532
0.010159858222115402
0.010153798519812
0.01014637990286121
0.010141441018442648
0.010134039668724965
0.010120865393797852
0.010120622265660411
0.010108286278997932
0.01009239347285427
0.010081221220611107
0.010069488850205683
0.010068280530893283
0.14287196814569103
0.01005555417800758
0.010039286586736902
0.010038992231771163
0.010013462225460743
0.01001344549031383
0.16069409238935414
0.14312559491843554
0.16066111902947433
0.16053681130943473
0.1438159137009192
0.16031079474017798
0.14463619981562212
0.14469633915620245
0.15981257176022468
0.14529351564126627
0.14530697277825916
0.1453133638054187
0.1454386817436202
0.14545006399675273
0.15963693989242125
0.15961195061810915
0.14594015691724962
0.14604009384689906
0.14624164789415167
0.1462466521187964
0.146262062340333
0.15938122348571843
0.15935131407447986
0.14652861246337445
0.1467389749743367
0.14695936055922296
0.15920909138253853
0.15919126614433596
0.14719399013442766
0.14729155671996266
0.14766347139575578
0.14782914522953466
0.14828155465652765
0.148330106016025
0.14842147422468246
0.1486943426042086
0.1586400856541823
0.14963594306347638
0.1496396754625104
0.14969847316627244
0.15841355244880095
0.15835867485306987
0.15019626770226288
0.15048661603402866
0.15051465546755086
0.15053307635412203
0.15079731992127782
0.15082258911777588
0.15083227083348588
0.15083406960430426
0.1509599920043371
0.15106864774175616
0.15122314507177206
0.15134240019570172
0.15792442135056411
0.15138702189282677
0.1515907558979626
0.1516652572370431
0.15173007850245912
0.15185819589519414
0.15196093673818586
0.1576608806776663
0.15204414303293487
0.15754225274287467
0.1575331023740315
0.1574685706635481
0.15242798803032107
0.15281358772386885
0.15721853189172147
0.1528636974771405
0.15314996962466837
0.15324347264802596
0.15328519518483041
0.15677525334041265
0.15359083232768575
0.15660514125614122
0.15658908418761666
0.15417630246495256
0.15630056275392717
0.15445934767073186
0.1560822621488859
0.1546057215137018
0.15585008438591966
0.1558300980317606
0.15511406485748644
0.15562948381131406
0.15558629365181437
0.15524312869110385
