eccentricity
0.18418881173293805
0.1650309166772111
0.1632882237616954
0.151442320814373
0.14781809342692567
0.144916533179024
0.14078119352525645
0.13407041580627588
0.13384759196433388
0.131543786588886
0.1302813305840115
0.12885715141880102
0.1287087831700936
0.12843688301795164
0.12839566407152286
0.12780875578069326
0.12477714447764898
0.12271991512695501
0.12180719401502732
0.12162943767545015
0.12099979647245776
0.12059898225721559
0.11917811607140677
0.11775811607272797
0.11772886066733582
0.1172983870305558
0.11695171247910204
0.11640067047939556
0.11533886018523631
0.1121600931093238
0.1111797405130172
0.11100226839854839
0.10953525048777951
0.10924532571509163
0.10912249246136614
0.1077760428155873
0.10738954029223347
0.10695492452416423
0.10553035644441046
0.105345157570821
0.10465921913479827
0.10422429966168092
0.10418116998774202
0.10401880878217605
0.1030021940719606
0.10246405786930186
0.10223613339980057
0.10204817337384935
0.10193689554541793
0.10141287337744823
0.10134133158748113
0.09993663912624184
0.0988460377975307
0.09807552345764095
0.09688912485480498
0.03272266437031285
0.032650393146407615
0.032120674578173795
0.03399113750213124
0.03216697238199816
0.03428433237387841
0.03139940265735816
0.03488184097160295
0.033826202661757405
0.03371483176031929
0.03187661956947252
0.034529603756903095
0.03161900292983678
0.030951495310708108
0.031177758199713048
0.03373049435623797
0.03441182356433285
0.03334606677451276
0.031867033673935626
0.03191280362601897
0.03523027163124209
0.031140192541130138
0.031521397302974825
0.03508946492220323
0.030547849879128765
0.030888108039567586
0.031276200841249595
0.034985849871616875
0.029992107565330536
0.030433482223545742
0.029584966740295357
0.02940609290573309
0.037018681835232915
0.029124020786328413
0.029252398845386593
0.03726345988282359
0.029018944812741757
0.029018590873823823
0.028551615365610686
0.03752907935735807
0.028749211477780423
0.028517099024841976
0.038279657638361095
0.038228310562997025
0.028495022867706242
0.03785550831678143
0.038182390128888376
0.028153832217133416
0.028388753136767333
0.02794060043264952
0.02791098252482824
0.02824982396140228
0.03865880958169422
0.02764080280961557
0.03864732171457522
0.03858957109712797
0.03937712374168877
0.027436325848706675
0.03930252218088839
0.039435750236743956
0.03944038439110261
0.026696705194223676
0.02676812473942407
0.026532489632890868
0.02609033243216769
0.04051994022252241
0.026223825668697083
0.0963751670246132
0.02584311472038437
0.09631276990550044
0.02555315756937335
0.041127565995704864
0.025559832655273448
0.04133847050112563
0.04154793768166773
0.025237318429782475
0.025043562756061212
0.04143486225956899
0.042056871193157645
0.024779655437592134
0.02443968557523995
0.04238170063268263
0.042391534733570706
0.042093472135433345
0.023641410147123114
0.023366460696779452
0.023166378345986283
0.023387202001541974
0.04357766518521592
0.043654998047625446
0.023020581188861657
0.04370134195412954
0.02299282921014528
0.02282173193499842
0.02277733099080958
0.022604155743649032
0.04439443355675994
0.022284806036173953
0.044852203836762465
0.0221984706167495
0.04495121265157886
0.022151180764025037
0.02217213376703723
0.021896673054818204
0.04541109913405965
0.021713167241114262
0.045507350832182714
0.02155398293578449
0.0458044310087343
0.02145684609852988
0.02117547455371304
0.046245177354780995
0.046668616714749936
0.02058138045848739
0.02076536033699545
0.020603456261774063
0.020425229094901024
0.047006176382919755
0.02046710267442916
0.020371269317557245
0.04734109482831488
0.01997885337817435
0.04748438525500534
0.019957548739281742
0.019860802216308374
0.04753852817744208
0.04769614138953423
0.01968211097701638
0.047920679345046326
0.04808517589272248
0.019538162962309025
0.01943400861760266
0.09493707148083173
0.019160889892433516
0.04859623505599916
0.09483444746363563
0.048792012102461514
0.049054180853812634
0.04916417884666302
0.018551213716236813
0.01854723232329671
0.09469784470659309
0.018492346531603462
0.018454765429325823
0.018335063724141627
0.04954359982951773
0.018189613246546
0.04995673467661012
0.018027890670804268
0.018041238539102594
0.018013761858695663
0.01784408865537468
0.017649363315823893
0.017406930696351568
0.017393391460126594
0.050991041323516485
0.017301948360040828
0.017164133927241292
0.01717205976101635
0.051498385656644885
0.0941172504274385
0.016883942426381218
0.01659979085698508
0.09392582801094289
0.05216913360265875
0.016178771547906538
0.016174810814008046
0.05258012072619104
0.016081524681436678
0.09377845088070626
0.01587344855071892
0.01570479756955536
0.0936468546657574
0.015576699489775357
0.015500747453207144
0.01534142198438872
0.015310508203724206
0.0932954367598659
0.014770794252916128
0.09326232120522347
0.014726402397136006
0.014674665627365358
0.014665447328464365
0.014592376956707875
0.01462489280906969
0.014510769733605353
0.05471122463102095
0.01438634108001016
0.05480844838335088
0.05489998757322119
0.055220367251979194
0.05515978152934669
0.014097715042339792
0.05538497977709536
0.014031805288905538
0.055429952365575075
0.013842451834317678
0.013870422875582756
0.013904280865543484
0.013693473078390936
0.013668283637809683
0.09269841794126012
0.013612759842522745
0.05600193925512346
0.01357212274967644
0.056164233215508015
0.05624679271073358
0.013409824659705045
0.05622088996115547
0.013279455877866051
0.013240483666161314
0.013113470733725704
0.013097027574255871
0.013014686007962786
0.013008496145859574
0.056953862407456875
0.056996046480463525
0.012853357863570827
0.012750604549452139
0.012739545093438815
0.012659435293998865
0.012651618777334055
0.012632319638866804
0.012552453373218125
0.05770853102116775
0.012506113276594212
0.0578234718390768
0.012353372955292015
0.012383539337854231
0.05795493757873998
0.012276536177499943
0.0580696464388867
0.01221610628144104
0.012128381425788764
0.05834529260867451
0.05861614586613063
0.011909360292751824
0.011873087644834641
0.058712409804307725
0.011718919878680992
0.011718326774780963
0.09157968837245103
0.01151563838968133
0.05926290625430504
0.05922816140088028
0.011423164293946084
0.011362535534091814
0.01132537803448965
0.05963020394956821
0.05963781029999653
0.05973381179361416
0.05965081121779965
0.011212757696203595
0.011045065082907002
0.010941509621496058
0.010847238521393602
0.010950354585062565
0.010721506821130487
0.010642683544112673
0.010592494730866119
0.010570514733524354
0.010490154748024791
0.09063321868953653
0.010354151550994785
0.010331028658178322
0.010327638389175017
0.010233562251164974
0.010156981174871607
0.09039756677410944
0.01007837020724448
0.009892300525312639
0.009877770750868346
0.009735027463796574
0.009728214715622997
0.009723925524542763
0.009679489803666867
0.09003963563542718
0.009644999111030363
0.009637003890160298
0.00950685180695524
0.00949908025270878
0.009492102507241678
0.0899011436450428
0.009546461568300314
0.00942026597388044
0.009412586569223351
0.009403915864183899
0.06270368342715898
0.00930296295624499
0.009293200375809394
0.009255879265846643
0.009254420453716768
0.06301513048813857
0.009136712773575693
0.009100140137223324
0.009033326896961607
0.009006933042280901
0.06358200870750505
0.008889318028045783
0.06372120191469331
0.008798947176092996
0.008653441752206363
0.008651608737554559
0.008644569792749033
0.06416482670068571
0.0086376130417451
0.00854991490494768
0.008505510570640605
0.06443996367678073
0.008503099446302653
0.008467556715989496
0.008463386627353499
0.008399202021037902
0.06484602977814777
0.08872804802311714
0.008243725368766075
0.008234578785494676
0.008254297311746008
0.06518495803817821
0.008156511912607908
0.06541923763541191
0.008085167451754008
0.008009506938820986
0.00795951275130771
0.00789762347674568
0.007897179588148697
0.007829818231038307
0.007811773393783967
0.06627986963507983
0.0076333705914867515
0.06614724381578098
0.007570461945132175
0.007559090615333897
0.007557536590193168
0.007546747322026694
0.06639229374128777
0.007519463377257778
0.0876999596418036
0.007427589144716474
0.0074028601091929835
0.007323279164056072
0.007230540907800767
0.007204084398526344
0.06735147031870561
0.0071230183167949835
0.007041648924292352
0.0070130070372988506
0.00707641226800306
0.0070762536940517096
0.007006094575021237
0.007004319935565049
0.006990327057692044
0.0069846285844751286
0.006948776765474655
0.00698064196218778
0.0069605175506352555
0.06780223753617333
0.006912737976086558
0.0068234940867507666
0.00682207503041432
0.006881486699135297
0.006830575443479768
0.00686730455360317
0.06808021483683699
0.006767693599069348
0.006765403976746566
0.08685175534762628
0.08665308484048152
0.06844122665630038
0.006660734603855687
0.006654486356703428
0.006604783719602195
0.0066037591100721205
0.006486014792565765
0.006493387573496649
0.006442223398932251
0.006431730751899009
0.006420707936674275
0.006416561500005048
0.06923812644486407
0.0691719454593653
0.006327711640459533
0.0063177405051741305
0.08575837728177828
0.006098773465296622
0.07016452736889785
0.006065042274921952
0.0060565457843448
0.006025660744565182
0.005973936052426426
0.005973518815158243
0.0059644919421808565
0.005875744781200897
0.005865550264765707
0.0058564280674568816
0.005838211698271614
0.00583495704463844
0.00582480560674459
0.07076691167000532
0.07058702474390723
0.08479068628166916
0.005729157358695157
0.005726995193288414
0.005642897255385
0.005598453160783922
0.08454657579416647
0.005582688772921682
0.08444325716686499
0.08443933446817643
0.005571146043334963
0.005567921109436751
0.07180010093473657
0.07182107054068054
0.005508020917744326
0.005481151124573812
0.005474346970229859
0.07185875559464122
0.005412456079996814
0.08400383840920662
0.0722475718966887
0.07232056129267138
0.005350538699049942
0.005342183304480036
0.005319061348890889
0.07245326467467196
0.07278692159717289
0.07263602962344448
0.005220468160844686
0.005212074935872511
0.07334582316094278
0.005183185103669207
0.005181983824934043
0.005168448579305528
0.005162262570779509
0.005154202683298637
0.005148309664530331
0.07363763946112409
0.07345263749848131
0.07378482516145603
0.004992823507086843
0.0739302974580978
0.07383376319822978
0.07448599493335775
0.004935424139412483
0.004850790744416407
0.004849196314143897
0.004844936064601961
0.004826916391122265
0.004816834450523119
0.0047877866264994465
0.0047601439760508795
0.07549141266768038
0.00472018524759
0.07552413595236378
0.004650621723891524
0.08054101805509223
0.0759149352868642
0.0046276208040309085
0.07607959856218968
0.07643364486542127
0.004622073072561122
0.08047730215331778
0.004583962548827193
0.08028250555008086
0.004538637527151076
0.0044725990091514355
0.07935803615152326
0.08014673300784594
0.004293546781923882
0.004278268064062269
0.004277418752418876
0.004259098431555239
0.0042340962943100075
0.004121054007543625
0.0040811884094990375
0.0040380396617673816
0.004030378227678143
0.0040192295953375805
0.004002751481257737
0.004010466519820957
0.0039893979440165945
0.003973414871284082
0.003956552360880626
0.003933142661684734
0.003913547546671238
0.0038753231378793416
0.0038468685795560874
0.0038450761055265617
0.0038286811506900342
0.003793845096594869
0.0037727910359692312
0.003738913820090226
0.003722457833121295
0.003705451721204658
0.0036965340656134544
0.0036864329802309232
0.0036809622372731186
0.003635078582548593
0.003630371706430779
0.003630102091818625
0.003602115819621669
0.0036117706050888664
0.003573138978085001
0.0035188537265849066
0.0034607427055073125
0.0034297702939584448
0.0034285748215713975
0.003420850434274433
0.003419590434122104
0.003373437249867589
0.0033657427916035263
0.0033594803561255845
0.003333335409475882
0.0033169871608350362
0.0033143500814694768
0.0032981688430534306
0.0032891764835882805
0.003232248434370341
0.0032293050223916073
0.0032098880858788393
0.0031966918574086465
0.003193367674358227
0.0031997808438621804
0.003157710954446699
0.003138714124566901
0.003136258876400272
0.00312838526380219
0.003094391388499371
0.0030080292265489287
0.0030068212907760406
0.003001102547417694
0.0029472983017099783
0.002946990300032604
0.002946170659283897
0.002999563884694414
0.0029400529858199637
0.002914068974001907
0.002905824316838446
0.002894095514083703
0.0028842924429010332
0.0028823525082447977
0.0028618620372972223
0.002809359649179945
0.002769051765781572
0.00275677977263853
0.0027294835088869994
0.0026833931798366556
0.0027044181754204595
0.002678590547018213
0.0026280730992827104
0.0026204364770572503
0.0026176620936138473
0.00261712996549939
0.0026039447717596783
0.002582242814586051
0.002569360370248377
0.002564822947897529
0.0025191912182289124
0.0025160340022387416
0.0024790723890961578
0.0024739250111242696
0.002472448295230409
0.0024706238055690025
0.00244953295485204
0.0024148760876023553
0.0024144162596273556
0.002378250897400861
0.0023701632911474852
0.0023686734802460304
0.0023642285757810096
0.002336113410405311
0.0023259862887651003
0.0023086724201312843
0.0022924058665247933
0.00227503524818379
0.002260490352096696
0.0022511996457162437
0.002241999924530729
0.002238436439472298
0.0022040244467181457
0.00221051998382045
0.0022083425823132734
0.0022004518265649397
0.00219788880738453
0.0021919723222208697
0.0021679244450013096
0.002155323644980072
0.0021264495859269245
0.00213990654257751
0.002124806924588629
0.0021478691805894875
0.002103029457033091
0.0020712612504995716
0.002070415746191357
0.0020699709615338603
0.0020632266977764473
0.0020593439225604893
0.002048921562660411
0.0020221177746694214
0.0020030494803490086
0.0020120048582051913
0.002009365487628215
0.0019908294272445526
0.0019853315393111902
0.0019763501545009524
0.00197273135985473
0.001954825208061441
0.001953154811966879
0.0019409021115405214
0.00193087312160437
0.0019121715400126377
0.001920657351342704
0.0019073805916998698
0.00189760334634543
0.00187825934683395
0.0018453681071009054
0.0018411984541639062
0.0018395353557713765
0.0018270326336738618
0.0018245404623088437
0.0017917296958235298
0.001787511498933346
0.0017403321440767714
0.0017355273661628452
0.0017040568641422755
0.0016891515593236528
0.0016874087307962322
0.0016793628980804084
0.0016541168563526888
0.0016447087865396664
0.0016193681197286965
0.0016109905443976904
0.0015754661251602862
0.0015734444572008846
0.0015677240698638067
0.0015564987711337403
0.0015193582959120036
0.0015105766128341368
0.0014870725067595496
0.001479685215563313
0.0014613099651635752
0.0014605886834943077
0.0014568893547191426
0.001454327351701393
0.0014364161918859813
0.0014345431237141719
0.0014292865657103114
0.001417060036766977
0.0014004192282703412
0.0013971250839049784
0.0013871216235980333
0.0013831456982818147
0.0013819708809220755
0.0013809054130939293
0.001375968857256619
0.0013673876402157676
0.001366409256833257
0.0013615570006770235
0.0013566919903712671
0.0013561615071621296
0.0013289468427774007
0.0013267894267980764
0.0013183011650611082
0.0013166102113243486
0.0013115361691087585
0.0013050003894471466
0.0012965368515077255
0.0012957840107373237
0.0012855901304670095
0.0012780907537553428
0.0012603363934492325
0.001243744420805494
0.0012358513709613639
0.0012151985952959991
0.001193882454730376
0.0011867183201391838
0.0011617236323556775
0.0011438246689815922
0.0011189576548068228
0.0011086085141978012
0.0011077410960229136
0.0011067950633303306
0.0010970601534628349
0.0010909218795270167
0.0010813755112370259
0.001081352292324366
0.0010632224697540707
0.0010540670011231434
0.0010360012267041489
0.0010212811130064926
0.001014091693836075
0.0009978840777246445
0.0009966506315721416
0.0009949877061899684
0.000987312475869065
0.0009852033282456668
0.0009826119103683087
0.0009626392825506084
0.0009751703064386952
0.0009492164537253768
0.0009483719504820047
0.0009471493831886454
0.0009464818832194935
0.0009227238904129861
0.0009209195089698087
0.0009179758315587224
0.0009172004811420215
0.0009164458321899698
0.0009093561932645687
0.0009049730376807239
0.0009027418701568349
0.0008996174383799318
0.0008503401745345949
0.0008471990346972375
0.0008459369156673136
0.0008434496207837096
0.0008385895925077165
0.0008385679117744463
0.0008292361034733974
0.0008226216698027672
0.0008223019439031426
0.0008204835487252346
0.0008189895259120313
0.0008105538547232245
0.0008075753290207136
0.000807348842882967
0.0007981783789817339
0.0007974326451811198
0.000796045587900612
0.000789091846452237
0.0007853411721840283
0.0007682046833322286
0.0007647616604997614
0.0007636839580451505
0.0007623114730178892
0.0007585284429257946
0.0007554605646331996
0.0007543178339084159
0.0007528066439361548
0.0007381749503685498
0.0007365145440870854
0.0007278264492847816
0.0007238821171848514
0.0007217314337602575
0.0007162575914920791
0.0007149723805622022
0.0007147462860630289
0.0007007758779488075
0.0006990609237935909
0.0006816402079268016
0.0006711790431486312
0.0006601082952810475
0.0006597905704966631
0.0006570389657711823
0.0006531467336638424
0.0006514812515046449
0.000649792761592249
0.0006462937130622714
0.0006455881335042211
0.000639644085053941
0.0006380860567223001
0.0006347618725185683
0.0006338677411497634
0.0006311528645887692
0.0006260370766634903
0.0006237336676624122
0.0006210659267886407
0.00061770363037749
0.0006137789422002152
0.0006104024615632478
0.0006049603737832029
0.0006027526936450637
0.0005925407670671803
0.0005920402726901017
0.0005904655268804756
0.0005894598531399477
0.0005876839280057668
0.0005843080134101138
0.0005791777952101587
0.0005789499185332484
0.0005754574793839942
0.0005742456082681778
0.0005676131535915373
0.0005627121512052686
0.0005613238331259823
0.0005605169988668841
0.0005594496469590493
0.000554122914494931
0.0005492679838890132
0.0005436923231703017
0.000540139583560713
0.0005401235570707666
0.0005399661586104545
0.0005375619065530124
0.0005326449742680216
0.0005321733070034626
0.0005297846139053485
0.0005287924293578455
0.0005262055864202415
0.000525059055524869
0.0005239984132644404
0.000522661547217515
0.0005221692104143958
0.0005066560567097954
0.0005057182174646792
0.0005022507778169426
0.0004925024315606253
0.00048466631267346516
0.0004820665093389762
0.00047835421345413583
0.0004760464504656416
0.00047043973518536497
0.00047011634653528996
0.000468396420078925
0.0004635552352040295
0.0004635495697483702
0.00046059462054284827
0.00045306593972920884
0.0004478085359540264
0.0004431201634819015
0.0004374423708149316
0.00043699200426392806
0.0004208649520574495
0.000409731701655503
0.0004089649439744272
0.000408645151969108
0.0004044670476491474
0.0004020603815382833
0.0004017960102404194
0.00040044247757218523
0.0003944035747325149
0.0003919833262224795
0.0003919389875671325
0.00039088421088868437
0.0003867298630681185
0.00038554483471644286
0.0003853589576661104
0.0003848578307603828
0.00038245854398735767
0.00038101705224384596
0.0003806782979921141
0.0003795748628097112
0.0003782316959684704
0.00037482652989316757
0.0003737582192919657
0.0003735930238229696
0.00037204156582708504
0.0003696381951067082
0.0003694043797413528
0.00036804548364365556
0.0003614606334072486
0.0003610732074521339
0.00035971546756799244
0.00035737191764856195
0.0003571497011622484
0.00035652954464867367
0.00035420316939995043
0.000348828081942929
0.00034874235850085826
0.0003468034181662938
0.000341974935409377
0.0003414006481576352
0.0003373977401016422
0.0003365039585493221
0.00033622017319213227
0.0003330133865827056
0.00033108979783793684
0.00031785753638431555
0.00031756269541772836
0.00031491020620789766
0.0003132323262909407
0.00031132469508015834
0.00031107082883151296
0.00030874801446493307
0.00030707206620503194
0.00030477172357405957
0.00030298613299184734
0.0003024226506892535
0.00029709743301349617
0.0002959160108115735
0.0002932795251967528
0.0002932271565367873
0.00029268586040476343
0.00029146038813408336
0.00028948929464677256
0.0002872433985270851
0.0002871898553567237
0.00028619055612907326
0.00028295191904868463
0.0002825380674551998
0.00028042086126500937
0.0002795077664540698
0.0002785752542631217
0.0002763453958149551
0.0002762612766162961
0.0002758213859688277
0.00027477981311040806
0.00027359431510990155
0.0002735556012515626
0.0002720807821751225
0.00027174170708890055
0.0002713817514152653
0.0002711494385659628
0.00027015879460072967
0.00026553421162778235
0.00026432223156422406
0.00026229510429956834
0.0002605698696291734
0.00025355526620240596
0.00025309571587053766
0.0002457955614634903
0.0002447049060195575
0.00024397592628103257
0.00024193728158977598
0.00023694492215851939
0.00023674560675522743
0.00023439193455084882
0.00023177882248951045
0.00022926584504518588
0.00022857305605122132
0.0002270306243539205
0.0002234992647433059
0.000222768477828422
0.00022064721201874767
0.0002204928183421736
0.00021895666325562907
0.00021817951051381914
0.00021768649512333377
0.00021753640615703276
0.00021670091636084103
0.0002162713528140683
0.00021571262537239014
0.00021519678330042533
0.00021423007013457687
0.00021227911275839762
0.00020881515243764768
0.0002082083353975058
0.00020787138544530026
0.0002065997550370873
0.00020483236668770495
0.0002046798670662966
0.0002015819092037639
0.000201059138412401
0.00020089647228597088
0.00019659978781854845
0.00019597227075796462
0.00019556007906810984
0.00019526789837647805
0.00019434083440177374
0.0001937814210226892
0.00019253955809586998
0.000190532697959891
0.00019051249273974443
0.00019047064395183737
0.00018895582925079085
0.0001886682623815049
0.0001875463913947748
0.000187111787562948
0.00018680143551470083
0.00018600390102025676
0.00018520481968677214
0.00018513426684674296
0.00018468410037520506
0.00017946942996365469
0.0001769983313982666
0.00017454444837965082
0.00017377731956068557
0.0001707692008278857
0.00016969334763769923
0.00016944612062651764
0.00016920780187213032
0.00016848294962435668
0.00016830831423712375
0.00016828142197203332
0.00016752860454148053
0.0001663143494437331
0.00016584007717328116
0.00016540169688471158
0.0001645817587763299
0.00016307148521361355
0.0001607817386913343
0.00015932190553975326
0.00015857030224837912
0.0001558242800029367
0.00015176340202190596
0.00015022160883789096
0.00014979086801838586
0.00014927402058064122
0.00014537427176859922
0.00014286328151797749
0.00014200505358383302
0.0001376786559731699
0.0001375956305772734
0.00013669860752352672
0.00013585758929163258
0.0001357435837169775
0.00013504532895926774
0.000134688319164671
0.00013423755198640046
0.00013390706931336844
0.00013113556973952414
0.00013051866048231908
0.00012980514993026702
0.00012636193162779167
0.0001257775978752634
0.00012540920185874957
0.00012533943971399628
0.0001247491194559749
0.00012468923876262183
0.0001239395175367503
0.00012379574785747346
0.00012377146523176908
0.00012325096732736742
0.00012301610672584435
0.0001225748253254367
0.00012162249291686681
0.00012023954499324239
0.00011934773139577345
0.00011903935223852067
0.00011882850745433754
0.00011840588819008392
0.00011795839549366178
0.00011760292539216664
0.00011723983171516245
0.00011697292959012791
0.00011693786023108211
0.00011656606577461386
0.00011650128436538442
0.00011620632701339347
0.000115705626967029
0.00011533633313006971
0.00011315240974401701
0.00011220326668163493
0.00011174804182948904
0.00011086175356493567
0.0001101971166520343
0.00011000979510232374
0.00010994420733269099
0.00010839229707807632
0.00010800045376387357
0.00010788889072369472
0.00010753499272812204
0.00010751862371473955
0.0001071160489718347
0.0001067243563828971
0.00010613266200546803
0.00010581392729690205
0.00010534086762721824
0.00010488536576147155
0.0001020384104797041
0.00010180059607607914
0.00010087790512740649
0.00010069820382037269
0.00010056489124392497
