A f0
19.674646157397845 100.36519908715067
10.08373466617764 100.20918827112104
12.27922438802827 100.31454982073885
5.675439401751927 99.8412498066242
16.33528435478277 99.6531653359298
15.173352508122155 100.33932329140816
16.479037769392647 99.6850486648798
15.408573225600154 100.30231674456317
18.611615113289222 100.34905318820702
11.52689214833149 100.30391120059863
10.907055056283301 99.7043288705927
5.730222201278924 100.15886547738405
6.487016537524581 100.00841661835771
11.741490942589227 99.75209227309756
15.332472588344725 100.33842189724456
17.865795814802343 100.33648360357849
18.084368176055243 100.34274779823352
11.693368124318235 99.6958192984848
4.589904362140293 99.95804642448145
15.05719340409321 100.33497542787913
17.907390610581782 99.66069601405891
6.445941325641158 99.97979812973503
14.222584868885663 99.71038544043795
11.185656313831743 100.29628430313036
16.823881010470053 100.32544953977798
12.3172428406868 99.69048764540517
15.461562231814074 99.69285097298842
14.26696844316539 99.70888051769003
15.226966297211124 99.6957149958971
14.656209713979106 99.70340320431255
11.2959345746668 99.75719714561485
15.55237262043618 100.30892481375963
15.1192030035514 99.69702202605237
10.119750766449789 100.21785690337184
4.682346255207428 100.05057904185958
15.686868277995 100.31132507442089
10.446661092502392 99.71566441919865
16.220994520695253 99.66156184273184
11.947426098638601 99.74440689406514
4.613155642634347 100.02671252622297
15.213839445633504 100.33245282722523
15.796578660034351 99.66443081353873
6.746818286509659 100.19614083826443
6.349891213037161 99.99543527350701
7.318780363598281 99.87908381397011
15.305564158288442 100.33176346364448
16.19169051695124 99.6641603471997
4.779971096362766 100.06082108021818
7.448835091316641 99.87146575958731
5.3699856838855355 100.12386030098396
16.607553729101866 99.66455884664107
10.823263680338192 99.71194513662867
7.400668860250035 100.12652475874854
10.876901260572499 99.71132920558881
14.910160676253081 99.67151946608504
16.521198895964588 99.66830254303868
4.655537944804713 100.02364265236461
11.817560168438401 99.69955789002216
7.47370924937003 99.86852296274937
16.061680339200223 99.67910301482529
15.59815203787995 99.68615989023183
5.264455354797928 99.88723383844999
13.185597521012605 99.72137157732834
9.83033298925319 99.78610784936832
15.43027646989076 100.33005532253705
6.3588650811528575 99.96942414101349
6.998007076040715 99.8964964069371
8.982904908093255 100.19098997381651
15.245382543257188 99.67079732950592
6.827159067921445 99.90895161657293
15.912074816948564 100.32065078784427
13.916554471808235 99.70981782446951
6.160820548853167 99.83208502240036
15.156861703063887 100.32799656234052
7.208148595524934 99.88212720639983
14.934869225948267 100.32682914055712
8.031932330030005 100.15816730007218
8.465802709740167 99.75657803174326
7.0185240658268695 99.89407477233318
15.084759956598903 99.67217834192324
13.074249056851247 100.3125202426923
8.302972928926025 100.16886507190108
12.571388502890565 99.73044213867485
11.14569894184093 100.24394396315523
14.967694514936941 100.3065664569766
15.400974571805747 100.31325891347709
12.982216438981265 100.31128246677385
7.0163314548010645 100.10651015428485
5.945912220890089 100.15592474268746
6.4364905651101685 99.82060712567359
5.217408745716289 99.89432891431198
5.584427019524028 100.13402534587934
15.87014031266025 99.6717461095317
12.010207278260069 100.30076002609827
14.015845756255453 100.29293444784577
14.701047152548703 99.67545122680411
6.324883895007234 100.03029525600638
6.605347278982956 99.92687262426664
8.002684343083148 99.84175064395592
7.379794574035844 99.87066294337492
7.09255925153044 100.11264290502152
11.94032876321497 99.74041274763918
7.9923506902368535 99.76963943559494
14.43680095109234 99.70047042983865
10.374123616967836 99.72158162283806
8.085345831053015 100.16193741049271
9.45792672065712 100.2061851425611
7.483567435217523 99.78411666871426
8.973151803238007 99.80743269372468
5.975219922999623 99.84412194087392
15.164824958976013 99.67430531345263
6.341674867745684 99.96159631936452
6.253612542148608 99.99197455273315
12.396183705291703 100.26819557225957
5.228596929288771 99.896512667597
11.41530015476002 100.25076354874517
4.7713499885272554 100.03805481893451
5.327935437001238 99.88821374640852
10.464303604454114 99.721114288733
7.202870154224439 100.12128662807581
13.30278924460854 99.68760401109817
10.19306743098498 100.27435000696674
12.741775206888608 100.2746708020611
11.23084343417678 99.71043719348839
8.94086970855739 99.74885384819964
10.564947418849368 100.23406855460537
12.408453603035131 100.26939412291813
15.05451795344525 100.3218255669539
4.785943583040132 100.03708864967572
14.992859677533414 100.32141016217174
5.81851847799558 99.85533726460109
6.679334061682728 99.91451263065211
8.353733587042864 100.23737273432448
14.229134935410597 100.31793115057125
12.61042980755481 99.72687792394778
9.829817043586724 99.73254629045263
12.367621588138183 99.69775736413533
11.267625560293926 99.75080151457746
12.528176276345583 99.69620478153533
12.025431021177152 100.29817546660007
6.350756006708113 99.95184197830545
12.8981831576606 99.72172887668
7.2458461443255855 100.12580677658472
12.142741779734747 100.26563696033925
15.035370852906754 99.68581878341809
14.487646306227525 100.30425233617143
8.96964624632663 100.19480228807159
12.413530644485572 100.30205990095217
14.131458302388264 99.68332779390438
13.699959491422847 99.7083732697382
7.066696211606435 100.11580708520007
11.909012284574768 100.26183254446656
12.146296651254302 99.73404548392222
4.748882217210165 99.99780185028204
6.1972843911432385 99.99357699183884
13.717652905710201 100.31319673750757
7.805417199057248 100.15389138105775
14.41955088055576 100.31712594961559
8.388858699922388 99.82355996580847
13.211251799316699 99.69054583603909
7.84504704725682 99.84441643593144
6.69965843172354 100.08967586726109
10.004585924376013 100.2228719721607
14.02727361347436 100.31495575355343
13.870210432929342 99.7052118864186
11.408728522270724 100.289925384463
6.339615555506732 99.95046417412107
12.862541521305436 100.27865711517589
9.177790131198456 99.74572679679206
13.964178345082896 100.29672094368264
13.08028209668788 100.30779462181293
6.191991600622408 99.99186994098024
14.609397293630439 99.69217508839185
12.669788844070899 99.69593461049108
4.786540838014428 100.02395467476208
12.383765440072024 99.69884681667496
6.667152099803797 100.08765340449982
4.766828438239675 99.98833467199083
6.400718154700623 99.9398739126085
14.641300179580224 100.31073464883877
7.605929940040671 100.21551982311371
14.627095177245671 100.31051987981635
13.207130940360642 99.71513793478596
11.162617976519085 100.24864483435802
14.609810369143501 99.69048378718878
4.773864453625879 99.99253220709686
12.830617235352376 99.72124087829131
14.421552056762392 100.30640779775403
9.269594216026006 99.79522958435646
12.63523994597142 99.69697175509013
4.971868374937147 100.06412694221802
13.92599498470093 100.3129058650502
8.446865602556535 100.17958783776677
8.697355986531063 100.18790479870539
14.073746977388309 100.30004457487807
9.623888432204732 100.26181334339032
10.592732350159984 100.27777125462654
6.144993965636714 99.84101516520292
8.23873484117708 99.82760952493994
13.849901799592256 100.29662444851343
14.372182719861945 99.68569658446914
5.2303695134373 99.90514719674766
9.202871057423632 99.79654002012616
6.604178485374778 100.17939270801125
7.072657368119886 100.11900575067882
14.392182466449396 99.69284909860336
6.736744371989057 99.90411178612321
6.296694229669158 100.04808555281164
5.760853692002177 99.86379187627647
10.600169722513204 99.76213598432037
12.391681024844555 100.29942729911852
14.158545995644005 99.69727695076958
6.286616576421286 99.95298295785634
7.920101240826839 99.77684583687505
7.272903883576464 99.86897793579266
5.270842915237293 100.09751414334043
11.623922129098375 100.29068628710536
11.570506602327425 99.7423909355901
12.448004029072722 99.70002014797176
13.676319754438389 99.6898796805275
6.161900200425137 99.98412965623915
10.687974039036144 100.27819728609582
7.217493055889822 99.79831877523353
14.166702891058527 99.68824297281303
7.644590335673974 99.78498637291399
7.784899716953346 100.2190178154123
13.66610233260385 99.69029170291637
11.730703699390084 99.7081029788003
13.415942192873432 100.30758732995982
6.208978611150892 100.16034184335625
14.260441586682607 99.68971252020066
11.697384015716466 99.70870893169277
14.173381546971644 100.30774301768109
6.739612178054088 100.18369603432339
6.136131329558606 100.00169558379939
8.172221439091857 99.82851430610847
11.908211844288209 100.26455123732275
13.77899196942339 99.7028036948716
6.184587058268039 100.15878483929045
10.222843826921043 99.7697110465634
12.860533763651565 99.69690929491706
13.98979345297739 100.30264244172125
13.317329709174187 99.69342750749084
14.070278773595481 99.69606089403406
6.178990083792252 99.84180835214724
12.922388633337665 100.30307477663919
5.90764722974379 99.85672422594533
6.253749061045765 99.95458673806446
14.080875389829524 99.69535838870596
6.837949849024005 100.10590482574922
6.366297188778171 100.06260054126489
5.346118430848126 100.10224212559969
7.053058547890466 99.80508916629489
7.902464083129239 100.22139831869677
9.376549530536701 99.7446790789064
11.32720987377485 99.74601611421615
12.596976002774596 100.2775206296439
5.3160134564938595 99.9008841280585
4.909968465573924 100.0427433185227
7.625052052044356 100.14997420788535
10.505513379640094 99.72560583572164
6.162364231581712 99.97324208458164
13.8426527890018 99.69965260488719
7.2100409720234895 99.87029274952599
13.95887781550778 99.695222399765
6.1200880647435705 99.99071369004312
12.991446717080304 100.3026524941231
12.934194908524992 99.69748112866675
13.714424475565266 100.29898198767607
11.762695755413551 100.29062717609922
12.283517797059503 99.70351350744052
13.38457433713432 99.69454853468754
7.676541769376716 100.15289441106478
13.242559489245467 99.69549659855066
13.686955899121271 100.29896985544761
8.122969799829455 100.22651759268956
12.367514950704376 100.27430264586137
6.487207103232216 100.07849935375279
13.688703421033136 100.30506704551311
13.55593904930955 99.7039063517224
8.641264585723597 100.23881981908788
5.514938491047218 99.88557343526654
7.088804534602206 100.19489905795213
4.942839929594669 100.0456419774705
9.637078089616761 99.78241369391222
7.542483738228221 100.14736370283721
13.386375035728534 99.69548230754575
8.05611648635773 99.77557422715165
13.560828110157221 99.69490971701273
8.080026920527713 99.83014147593254
10.290177942360135 99.76667172784576
12.060413333997017 100.26914449084869
12.150398750613082 99.70562963058933
7.214662842077524 99.86893184092531
7.713746990546518 100.15531054787031
4.873121271989687 100.02315197225296
11.474062084390079 99.71344478323721
12.90765290817205 100.30052416302019
9.484125835235302 100.25586636457226
7.862322900699602 99.83831112943574
7.922895586991555 99.83585704543636
10.101877431814177 100.26667140241032
5.7025927718759535 99.87257027545513
8.482000683503731 99.76531715144134
9.216348984421186 100.25058231736848
10.919679171557798 99.75270686089934
11.468006173729137 99.74175886755395
9.040527344206886 100.24694079174942
5.774898283071259 100.13205864408422
12.108181573045389 99.72960918588896
6.105834203658511 100.01691625656126
10.3235134095635 100.27002072261122
13.339028503122929 99.6970919572844
9.698872868699697 99.74038005131753
6.272924508691897 100.05536102710545
6.738805097463197 100.10198801456352
13.400080643661042 100.29598930335362
11.7118450317928 100.28849798022449
11.188001338617813 100.28212771961407
13.465974894233113 100.29996387336733
6.473603472418793 100.07979725028959
8.492305373179143 100.18543209010664
7.114202063790366 99.87335183538214
6.595553724471561 99.9088952183547
8.315327238638428 100.22996016393698
7.28419834705284 99.86394568435946
11.775324788163944 99.73524440827792
9.439965494366387 100.21357349575402
13.258655463752199 100.30060890100943
12.405228756072976 99.72349705851386
13.184609798229763 99.69883416775521
5.774873631781722 100.13109085654253
10.53197163472721 99.76028885533657
9.05679724001454 100.2466774839099
8.369878102011123 100.23120799509124
12.291565672737315 100.29406538082968
10.181020030160703 100.23203410216396
7.061838139889956 100.12409773981655
11.310552715143166 99.7165652942708
13.111666902923263 99.70970296157958
12.684423637195087 99.71801128602443
7.287488513051921 100.13671859739095
13.246877078784618 99.70642512141643
11.039769196779755 99.72025878900482
13.284442479901756 99.70536958961182
8.147525554254964 100.22526939764246
9.839772842678798 100.22414334853978
5.0552773434279406 100.06062077845037
5.742402113189259 99.87173299219545
5.343011436889724 100.0958748458643
13.227514493784517 99.70623047618666
13.289281045235072 99.7005460516655
6.924202130207139 100.18690329106958
10.946058577261264 100.24910782693694
6.595926256626108 100.1736420641966
8.20480891849649 100.22656923819854
13.215029745260106 100.29820163228526
9.250284133105652 99.79098453450563
5.315906324975134 99.90726821201181
8.351293503840438 100.18157454963413
10.6005116329452 100.2419612497662
8.336044486168461 99.81895880888909
8.710147197861115 100.19341462857113
13.176091996162164 99.706517375466
7.472979287524584 100.20554627396032
6.114673824955277 100.02996561869976
12.011003001782035 100.27037611065712
7.897929539747831 100.16490578878526
13.149181609442646 100.29421881805581
9.685745503708091 100.25801776446374
11.879438000158858 99.710730945199
10.96138063478631 100.24975767398125
7.126936700073299 99.87112178454407
11.965336656873264 99.73049783072102
12.944120328655877 100.29715469740671
9.697752478352573 99.77888346570838
8.500503697412817 100.23342313199916
8.976024667273862 99.79834366060365
13.039284716958003 99.70913209811778
12.089370069884831 100.2722185245931
11.30851846583014 100.25705315155665
8.8974695290893 100.19949617415328
12.443077248194319 100.27915577543234
11.433038767576186 99.71618147523057
10.331721536151205 100.23650733112983
6.745452716149572 100.1053050490405
6.426962384133244 100.07839120049871
5.030083470549474 100.0528964170446
13.042375184687447 100.29381952106974
12.76939911253385 100.29557414567553
9.644549735026683 100.22031645685944
12.780539390178335 100.29524828944372
12.791072911154767 100.28701659190851
8.659998793563364 100.19257252767079
6.351182000325467 99.92912286367758
7.125972007327326 99.87028347405956
6.920637703537264 100.11758268834234
12.418558406264845 99.70664997755472
11.122872355350577 100.25384437470822
12.565860605703488 99.71787912912018
8.675890649797761 100.19324586281455
6.492624668736669 100.16761436553202
11.97081995501623 100.27075892068909
6.483312092407848 99.91515343045383
4.933276893676253 99.97476695312315
11.127396534688035 99.74603926365783
12.631465543221415 99.70553558229891
12.81236803689186 99.70477067666121
7.498246556502534 100.2052460777204
5.157494480254333 100.07119481338012
8.468159854829207 99.76813984199717
10.845808097231302 99.75176310727346
6.06939555154587 99.97742055149776
5.241007425360143 100.08165802184335
11.605426691546633 99.7363367805979
12.952526270986413 99.70621296068903
10.615015320241604 100.2719961602246
9.544525061305968 99.74551115549008
7.135114099383646 99.86922279338367
11.397879648417417 99.74030284784041
6.314788913818623 99.93209611160604
5.429168924589771 99.89946100742316
6.890723966702699 100.11668774148202
12.304550833011897 100.27824191831161
6.417553109432839 99.92033703894592
10.24300605528785 100.23551653335564
11.479907872904262 100.26182565814922
7.9169655080059815 100.21712142855822
12.613385013556451 100.28511859821485
12.486151486552716 100.28219535334487
5.268043570006267 100.08362753560381
7.1412177536976875 100.19274020287105
5.80780737293125 99.87061774111339
9.613401684395546 100.2552127942799
10.863853147042246 100.27499904536919
12.243462629932045 100.29009126640562
11.483193001919377 100.282642551374
11.38489279025323 99.73998073432318
9.481747084913275 100.25261815791669
8.589718097157453 100.23395476297765
11.43067744297077 100.26116683924337
5.157194166713552 99.93101888853893
12.472563064071686 99.70821083279831
9.329310508609757 100.24964374728894
9.116286249303835 100.20727602903192
7.494504575831138 99.79570316410752
11.99057820682397 99.72772712309036
8.860678630929705 99.75998925904382
6.986536527710781 100.12331741707011
7.950005718359726 100.21752675779419
12.703382917740994 99.70935690206147
9.373895657800494 100.25030997648275
9.177737118498957 99.75347156984135
10.528094711080211 100.24249895316527
12.552739730751387 99.7086348549522
6.5526746205844635 99.90676589759966
11.099222740048528 99.74535151868635
6.475499893423466 100.16519140398643
10.965877380455261 99.74806018327737
8.962035660200627 99.75809956334379
6.318835315492167 99.84234015686192
12.57848243876198 100.2891151917734
8.273166823769909 100.18126676113918
12.528677875963178 100.28975988869007
4.929626867566499 100.00526605291742
12.11006537422642 99.71158070614626
12.545514167979412 100.28612125526604
6.247176305052626 100.06214941902687
6.036323510902197 100.01897785714942
12.549292031642512 100.28639722116618
10.00967255774147 99.73841665043517
10.085536797065512 100.23263661227168
11.139275869769419 100.2558036442737
9.2038911254665 100.24669150763793
11.092812422445519 100.27717301407732
5.1846986997979805 100.07100688186597
12.44277570032147 100.28381858576087
6.501446498456408 100.08958158531742
6.026821522832666 99.98324294814365
8.491738405675093 100.23093015018546
6.015312333483286 99.99035733007094
10.544163907014877 100.24333577452246
12.397331134482593 100.28869145653881
6.243876769654856 99.84659660745838
11.332294968230103 99.7400380011394
6.4435926454211945 100.08456100085587
10.309560558389274 99.76195396302874
12.20867911451929 100.27846823364514
6.927667617144466 100.18368932161893
12.42769783524041 100.2880635656965
7.994685911941557 100.17157907628956
11.74338613184428 100.26869581972741
8.922043321741475 99.7594558348572
5.68740226315622 99.88094471169681
6.006513231900165 100.00448673796362
6.01147434486947 99.98955301821609
7.193359147739388 100.1932370791712
6.005204117817312 100.00451127854134
8.372756165770891 99.77219394131862
6.952111985370336 100.18431843803349
9.970528558459435 99.73971638731271
5.560955986584602 99.89120118322086
9.702924406034429 100.22397335690337
7.795183786309176 99.78777461155147
4.962278282190484 100.01979848464808
12.417842104539059 99.7155571826051
8.232764534700273 99.81937816440076
5.188502295375507 99.93029388431162
10.80750858714205 100.24960312399456
9.51623719461719 100.25202922105683
11.861507893766413 100.27172202107717
6.768846188777305 100.17688924487197
5.881358763624566 100.13184985495604
12.307831312969357 100.28248757916359
12.258515969811294 100.28134481484274
5.996896305358536 99.99539105424245
4.967435466472722 99.98010920313416
11.411236123778911 99.73764035417443
10.423320062456606 99.73285426960456
6.943205897814318 99.87740668191815
12.30526400708176 100.28354688599514
12.346817212996566 99.71324211591433
8.13288317728278 99.77877280779046
6.812103318500867 100.11442812888521
10.212201289022333 100.26361377374869
11.164344654408628 100.25758348705591
12.254600927017195 99.71346478574684
6.064819028813502 100.03500164916815
6.271845286279281 100.06827245443519
5.396213259831688 99.90718831809949
9.410774689204063 100.24961478631324
11.775253341275057 99.72968544110778
9.648366092891155 100.22312588752206
11.43096864998312 100.26338302367088
8.64411513364582 99.80516082220663
9.784974255447679 99.74351263699934
12.221856396347789 100.28253187848047
9.70099572480635 99.74504333277214
5.358655719713733 99.91137074513257
11.602850063187713 100.26719749871711
8.0749702836994 100.21928334387741
6.219693227637096 99.93755094238261
8.94304003547375 100.23997585579592
9.44424462590964 100.2180415032909
12.182745009585162 100.28377974763586
7.08554409170918 100.13148921527394
6.032726530655529 99.97156092377492
10.032716700174811 100.26031628231127
11.415575002137867 99.73681452014739
6.914163469081615 99.87840707254014
8.831702161078297 99.7624420206946
9.745962037804114 100.2554120772
9.759219301733188 100.22623791113085
9.985689540268574 100.25947735102382
6.205659157324812 99.93893558981459
6.05408087703767 100.03472222068142
6.329005370448736 99.84405379785282
6.7440356645616015 100.11079014323357
6.813785210369978 99.8222917438178
11.557088181872205 100.2802920742992
5.0001114626628995 99.97246301154554
9.374991834565186 100.24840140672266
11.852909402105224 100.2825169287578
9.36764698447742 100.21632232416053
9.089728651896722 100.2086899072034
9.308801851000633 99.75283520833007
8.40472649092455 100.22727323936593
11.681755073481684 100.28113300875557
5.01234815762596 100.03083379751553
6.803857314650256 100.17707287495975
6.131443314151012 99.94916070045626
6.768039241197468 99.88729379283254
12.12842848252496 99.71929231051828
8.409205572986647 99.81213999637603
6.1283589602960555 99.85501721276304
7.579160213385731 100.15629807907062
10.695509805721228 99.72999863885092
6.40949955541954 99.84051509716345
6.325637809818694 99.92373403968571
9.526895126043325 99.7793146230359
12.098731991379436 99.71917097119685
5.137930849417713 99.94201885097456
7.889759365417504 99.78640529448867
6.266486924815334 99.93018426827489
11.158241705780691 99.74155174624042
9.502550430307599 99.74937869750573
10.837789872788427 100.25177882234787
12.079939070721675 99.71797366655208
11.719576769952727 100.27115480468447
11.824017245819535 100.28139656569104
5.320770387791161 100.08260831812059
10.977412900297686 99.74528991942904
9.135717298118129 100.24324338784439
6.819796015818355 100.11667645078637
11.808545933549642 99.718259878425
12.037973583653779 99.71812049956553
9.272218949504053 100.24592185096134
8.163763800215554 100.22076959305473
11.975748286816314 100.27960890530896
11.46914614978685 100.27843908405157
11.90667669970722 99.72434312992077
8.385859319809011 99.77356993698706
6.382117745968946 99.9172282190567
11.835616858283029 100.28074632643713
7.408182428396135 99.80142915246655
9.565945166323804 99.74853979793568
9.00554202384038 100.20692718748771
7.734055318255173 99.79135097829109
11.447758709755533 99.72169494520065
5.965652485672205 100.00259618509149
11.864224706064086 100.27631453413436
10.767043260341099 100.2507663039791
11.796608260896793 100.2742815449962
7.179523270771475 100.1904537588342
9.655203402839213 100.22471286872359
6.334621084975212 99.92129026724791
11.926375643796987 99.72169005028164
8.284676854031437 99.7764800577592
6.3380029494437125 100.07910887257916
5.007093292719477 99.97752263901829
11.83913964960239 100.27915433364983
11.507221205016538 99.72163145807666
9.371191678273776 99.78269351783945
7.152404394875251 99.8106105881131
11.52243484092677 100.27800949554639
5.044280384032931 100.03493143670329
10.248044525474759 100.26238866655764
8.527992945846034 100.22930477387922
11.84698728355142 99.72005093488553
5.011143437319236 100.0228842844445
7.829477274700612 99.78900045727943
11.276855977627541 100.26252493497961
11.814342321669576 99.72042870561276
8.054122619236896 100.21719375789533
7.968014050214496 99.82680269152182
6.006142684794952 100.02901147836124
10.005903734482256 99.74145385921217
11.816163838520152 99.72067934208229
11.392984527115306 100.26525295695762
5.921758597895903 99.86891100763266
6.2269252151480154 99.9325511185935
9.280600361206155 99.75454846636603
7.333828114332823 100.14626799553314
4.988378453088738 99.99839678677832
9.128815630847317 100.24229466349107
8.233410497339545 99.81702606164066
6.003944527081325 100.02892312050355
10.519722136362992 100.26606673993187
7.313329125922363 100.14533228468493
5.837141725867951 99.87461294877708
11.628633502594225 99.72147192456745
9.44060539603361 100.2195825835714
8.768235903239061 100.20054731696665
8.508167112501607 100.22850815024312
8.260482650553413 99.77753726506833
8.741849105898492 100.19976937777126
8.702276042134265 100.23295180061464
11.542787901241416 100.2694054082228
11.594362093555409 99.72202518303467
6.915283651103957 99.82001923693501
5.884881907914546 100.1283135729874
5.627856729016724 99.89039971003959
9.572378008197182 100.25058029814129
5.005820393041222 99.98421766085546
8.23053918933281 99.81684857576737
5.848798542018171 100.12577379842351
8.576952234611603 100.22995027569799
7.81127704238214 100.16756801892964
11.432515265008782 99.72342333282715
8.626031386906039 99.76886021106999
7.276366009287931 100.14389356226988
6.756202520522999 99.88579033899663
5.001848568468781 100.01149576554079
8.97976451222815 100.23885154335875
10.877514140555444 100.27033566945194
9.42602661468898 100.24770032290064
11.0795341133995 99.72715318661136
6.16343725182075 99.93943300756654
6.0580233400869545 100.04390895126653
11.667410676418209 99.72644530099748
6.020552219099467 99.8636125108485
6.447927069558465 100.15923874959758
11.617839669274442 99.7232949883163
5.335222045698251 99.91933421704712
8.920290961897393 100.2373083800416
7.190903959308716 100.18973216491888
9.817186796381076 99.74545585101879
5.6677405846843545 99.88813676366684
6.514079067773765 99.83781400426187
10.558707437255038 100.26569146996667
8.818626970956455 99.76493815837968
8.543280829817723 100.19418623927028
9.283185538503615 100.24458034135898
9.693526929520129 99.74768927641972
10.552382917595747 100.24755602094874
8.06039159629685 99.78358575551567
9.994904059811018 100.25712202521295
10.757502332378175 100.26807543761868
5.0453597771973975 100.02787352813694
11.597915382722874 99.72547787992956
11.397035276330463 99.72511454184341
5.192923196285569 99.93945928560055
9.40969034700946 99.78033339855813
11.50261509341847 100.27243500320056
6.463612075018173 100.09353437701161
11.46471858702303 100.27364570020173
7.813967432582469 99.83150204112376
11.37135637050213 99.72577976334593
9.271154240415335 100.24399458720728
6.665370901864147 100.16852040923771
6.92947213763435 100.12622036460914
10.042384353690444 100.25761183283112
6.6021572371637145 100.10465786859807
5.517661477128026 100.0982566342404
5.565231007469877 99.89749854595874
8.333062305365882 99.81236635691845
6.395469199728125 100.08777662054668
6.218681292085612 100.06952121349723
10.516032214349629 99.7352238440864
5.017632163282721 99.98970358939609
10.015415633358158 100.25704260290618
10.65764487665734 99.74965344468173
6.654356318590579 99.8913496670588
11.3624283352264 99.72632717822886
7.792256800327358 100.20841182101273
11.013585499645105 99.74140941359346
8.783804808093173 100.2336294483082
7.574451432255018 99.84117345030731
8.927758631885567 99.79350531313048
8.583493692151482 100.1960555539645
10.400933457414823 99.73701105541592
9.524031951631162 100.22310493138514
9.465448556667416 99.77851387099165
9.646047584579774 100.2506648690524
5.0419441074974864 100.02228876845047
9.93249176520643 99.76654460214948
11.247163637522199 100.27183677705261
10.946103456556504 99.73034381976014
10.32324303525783 99.73842135849097
5.450211596036133 100.0908722484728
5.020071650686125 100.00324497337391
10.253540243254864 100.2603028368491
11.231292117371483 99.73538448961199
6.272202697076709 99.92345531765977
11.043648518157719 100.26993552866881
7.987938696318527 100.17587997152776
11.38575470747279 99.72922328492129
7.948572235254533 100.17446579623731
11.3664767853579 99.72957975845492
10.751689880488916 99.74669747339664
10.611781796418898 99.74990140885632
11.292192493206263 100.26948226733002
11.286456153328048 100.26965460101913
11.264468200331631 99.72873899191701
7.219817479314549 99.857019801062
10.604388608545465 100.26469071691477
9.773134898122361 99.74752634950926
11.008775168370923 100.26890213049086
8.853896205452834 99.76543128351241
11.036708341298771 99.73046543508993
10.030911647347818 99.7434161260518
5.061948124957983 100.02583736246444
9.182336658548849 99.75859386841995
6.026851592961151 99.95613468685613
10.022223220152972 99.74362655355733
8.986001304128074 100.23720224433103
6.104566231159802 100.13900859670333
9.943306993588992 99.76549433715974
8.83997678403589 99.79523837374776
9.66414701917154 100.25013334066387
8.356825191606262 100.22271954521318
7.044258795001375 99.81732621833639
10.76731437937669 100.25463607705265
11.117692693902852 99.73669859684888
7.490652996549193 100.19811808488949
5.107388428050205 100.03833116500344
5.750477705157373 100.11540682024958
8.195542711581783 100.1841497226797
8.242146016740467 100.21963015680302
5.196487029366158 100.05626559494512
5.062073844401225 100.02302298599064
10.716027104974456 99.7465940839177
9.261716544906712 100.21715802028024
9.937209794455626 99.76535487624236
5.0567855258257 100.02034188977034
5.09965126882955 100.03550989491512
8.192021670292323 99.7816580192817
10.013398258895382 99.74421216118301
8.39216478989738 100.22331515717678
7.419144398306498 100.1955621662867
9.984663200303508 99.74468976774796
5.963985341457182 99.96852346813473
11.090111096573622 100.26436420475787
7.27296334141224 100.1464089718272
7.042979776850859 99.81773347159469
10.399135331278675 99.7539926962697
8.895256617560474 99.76505531221812
7.399381707825824 99.84752436307292
10.971922524578321 100.26083214623168
5.039565037639986 100.00178004448037
5.223918057908833 100.06000447409916
6.242195123144673 99.85389018399476
10.852074347063727 100.25768398501246
6.619063236146566 100.10833856471322
9.886363519638792 100.23380879547885
7.265915474573028 99.80980078429701
7.226734070734556 99.81118011358167
5.096317117026553 99.96684120305879
9.578990581111603 99.7741575172105
9.49157444268598 99.75335752658142
10.035906054604709 99.74414370731944
8.595056989168539 99.77196900682546
5.429616065133398 99.91378363632032
6.076925685820353 99.94531779856653
7.8593718452918555 100.17212692118548
6.027947492862783 100.13356914945493
11.05872867569046 100.26511479475978
9.481917749244852 100.24624522273724
8.667240895985344 100.2001497184303
8.398000896255274 99.8085504594715
10.256861247955268 99.74096604733603
5.0654823863867895 99.97905189196514
10.53032176785774 100.24987262784227
9.712993871649498 99.77053222689597
10.17551729458941 100.25753898666967
7.874216117481772 99.79077559792378
10.116528707352298 99.7431557964636
7.082050568855856 99.81670051510017
7.2757633470678975 100.14702779372072
9.734543078918907 100.25048309860694
7.907626001422748 100.21003666806587
8.534978844792015 99.77361403013272
8.73449772534212 100.20243528902336
10.116308145661908 99.74325844715386
8.218876617049961 99.81440090484496
6.412552040195091 100.0927156659714
10.15015203411647 100.25693064380224
7.851703072727082 100.20830873094923
10.578899418644493 99.73720740992496
6.848932770893241 100.17395467233727
6.065640621379416 99.86463424508574
10.914471902502568 100.261024151861
6.599451830839817 100.10766235884506
9.185214307538711 100.2401917230759
9.839220062911114 99.74785390218744
5.289457333987741 99.93185332991735
8.190250753092528 99.78243552115953
9.594660724262273 99.75207234214338
8.92810498862016 100.23481769882723
8.746133417090338 99.79695787626676
7.862622358938842 99.79153666800201
6.3164589534442515 99.9154796860643
5.971227417106674 99.9627323341706
8.513888888216929 100.2254086448203
9.326881468724332 99.78017693056907
5.919122811055653 99.97770324780635
5.463109201918137 99.91156778239309
5.890284924474314 100.00082230109973
10.366326749937935 100.25943733669698
6.136846496788991 100.13921418029207
5.068681202122936 99.98303782166396
5.964454895555645 100.1286195556593
10.033241414139606 100.25470446749755
8.785352489885717 100.20444307848105
6.786752217776272 99.87930049586475
10.461115120472007 100.2491602510537
8.436817493938664 100.19350022425088
10.78943689581925 100.26329348379015
10.90462298573936 99.73584466779863
5.414612167548206 99.91709679855835
8.63697313799419 100.22811697973634
7.749336167097073 100.16858159500916
5.077784808740784 99.9795293900079
9.223620293916989 99.75936325630522
10.184148606393107 99.75779499863349
8.563486214146394 99.77357119718555
6.438568532572658 99.9040633141379
10.81642861562069 100.26002267217655
8.086304122581234 99.78565293025574
8.27547662067891 100.18827282922832
9.766326798840018 99.74964050225717
10.731157194723608 99.73693927343729
10.818229979547061 100.26136449905573
5.0645303636095695 99.99098270295417
5.2584869546835185 99.93792821084007
7.039118732995612 99.81919253709437
5.625702714353104 99.89707582015123
6.574182570805804 100.10679497465775
7.937778869777041 100.17623780538122
8.265127515412093 99.81197894362155
9.348635758979333 99.77906477768494
10.334998518038923 100.25824552116438
10.413893187409172 99.75162666724029
5.215183700815097 100.05456171876793
5.257350042501645 100.06151054435517
5.1858215389798445 99.95090512547796
8.693190130484243 99.77087438047306
9.507575623890304 99.77469961784907
8.893886732436432 100.2082311075161
5.094336491687962 99.9755730187365
6.283233958794133 99.9175187048981
10.085342524618948 99.74500846134896
5.981380191016007 99.87107653268801
5.162514404465553 100.04380049452953
10.579391371776431 99.74705252338576
5.7959580660365555 100.1161017963645
10.554208580889266 100.2527461823361
7.7478132937577175 100.20433098403161
7.743941018139095 99.83113454014091
10.407474816964475 99.7408425845382
10.588031672846014 100.25382118873165
10.655096053808206 100.26075696244946
8.103700664569779 99.78557573286899
8.629210465204553 100.20027632866376
5.953578269353672 99.87302848554157
9.360327516749596 99.75726889578097
5.247610050899618 99.94074600291701
5.963636860864681 99.96111618301433
8.902795487835558 100.23335485079068
10.002751298833852 100.23862682962759
6.24377637191228 99.92104445611501
6.70746166754856 99.88335267873775
10.338121603439067 99.75298394223022
10.317985474593366 100.25743306285771
7.9538209655561944 99.82278560831901
9.767946305033556 100.24954666864885
5.0795572965700595 100.0144612404709
7.783606722938656 100.17069639090255
6.342467003606054 99.91136955647707
5.077384427492323 100.01260943792451
9.270566044182338 99.75914784921655
7.195128824506633 99.85544169281411
10.494911057638015 99.74873995765597
8.851099922702165 99.76776384806104
10.71634370828311 99.73949854288003
7.664375312165444 99.79840188443092
8.594197450971762 99.80063602659878
7.615100122472574 99.79997806948275
5.287660519526016 100.06465504752919
8.62595028093147 100.22701168121542
10.340491502714086 99.75255957084529
8.74848821096485 99.79572762739846
7.079652426966844 99.81839208544002
8.436072154400927 100.19444821667692
8.516666849477737 100.19707754266058
8.419520844962808 99.80615234515605
10.682394093581538 99.74093120350012
10.285189631448384 100.24646586964045
7.877707196422975 100.17468029920441
6.5153378342057575 100.10352374656786
5.87370940931183 99.99077750904577
10.486696409244324 99.74105699399931
10.544569052646663 100.2586066342662
10.4767839176611 100.25825528050586
10.664477036163927 99.74140696442554
10.279385808850163 100.25629153265542
8.819322340524797 100.2066706413737
9.885467317565793 100.25088854040897
6.026021250199712 100.05227139696294
8.977946727031672 100.23444964023308
10.207372200486832 100.2553164791605
5.961558281071551 99.87332919514927
6.611839010854312 100.16195338965217
9.482108519669994 99.77452610413044
6.906951981998594 100.17458481135344
5.132099639607329 100.03270514024292
8.559559558871364 100.22514535138832
8.472600943025299 99.80416865777859
7.463946174720024 99.84223613962618
7.3160097220842655 100.15102920948546
6.409169548505682 99.90449175362556
9.824132580718016 99.76526231021627
10.433228228507707 99.74890943216107
10.534184120213087 99.74207722314696
10.55799264549858 99.74230666510358
5.941131036354618 99.96277148699212
10.435445837274457 100.25650204949316
7.886571713583095 100.20738605615253
10.363468343020324 100.24992463590127
6.866522405834707 100.12778992828008
6.034046149860136 99.94503601351983
10.525333439127817 99.74395222422739
5.807783783866159 99.8847687199257
7.677212407933532 99.79883926250463
7.2571240342420555 99.85136952904315
7.963381122724458 99.82145797805707
9.893006522204272 100.23715849274699
5.0866993844175745 100.00333818861107
8.649987150415313 99.79802348382717
6.695465959026201 99.83482758671774
8.619541648423446 100.20111264445117
10.288457185778752 99.74448010402924
10.228308195755265 100.24637020712785
10.251602092060669 99.75327971365509
10.255201640412993 100.25455290511542
5.61335355954628 100.09916164474525
10.07462695943638 100.25249147571023
8.012337424184944 100.18055825701943
5.0903406284707815 100.00341214094664
10.37770872191949 100.25164354741604
10.183180572755687 99.74601137903281
6.08005362683798 100.0624215642449
6.5424437764186765 100.10693749367952
7.785939866990793 100.17206763545457
7.8982633851767226 99.79261428611699
7.802167628341961 100.17271270247883
6.127031983138991 99.93147436315778
6.0830110593599365 99.93708956651821
5.860483371344954 100.01197452610687
9.559260726634937 100.2445105375912
10.058194221350785 100.2519443545167
6.847969452874799 100.17131741025149
9.599647587463009 99.77038365301038
8.459212330720506 99.80378217748743
5.988617200852397 99.95127133829334
10.406315721110545 99.74497568974908
10.23768029635988 99.74574036387946
8.218363373651096 100.21592383535197
9.363987633466303 99.77673963873177
7.038310080908721 100.17873884645421
6.897284407436743 100.13028262410445
10.311721709354178 99.75044053611046
8.089642544119869 100.2124079495815
9.20134293097044 100.21900192502058
8.77171375177809 99.77093535549992
7.222141016399128 99.8524045174777
9.95365810215855 100.2501456732951
9.77580806051323 100.24761203414242
6.880327026019264 100.1294096347572
6.520425921179791 99.89423478792763
5.96807845307962 100.04582099016301
7.02330733947736 99.82193909920667
9.939394221856391 99.76087873728619
5.722130162090581 100.10749907053889
10.287707545247457 100.2526882447655
10.266473833518278 100.2494372106103
8.201461647441684 99.81217555534555
6.593119586893745 100.15978113993016
10.295487931170982 99.7502786862671
6.681696075215677 100.16378530914663
7.022480345174978 99.86251262604262
10.206892776231452 100.24742138053725
8.168954964809888 99.81328039760066
8.867727587109245 100.23083335158012
5.22731912778077 99.9499984635822
6.279076094853017 99.85601888361492
9.54672486787961 100.22884078433273
9.461115176456333 99.75751420382025
9.34537853288691 99.75959816940633
8.567812116242433 100.22412554635794
7.655545558539782 99.83275968303884
9.623685252116031 100.23098249609296
7.054241153168906 100.13929984616703
9.486768799350337 99.77292196673783
5.854345083315523 100.01356374155964
7.62540956442562 99.80128715593384
6.9524340132200395 100.17500588829198
8.969147448051785 100.21262348527677
10.154863697601161 100.25167679555383
8.13338628866758 100.18569494842282
10.265905500832545 99.74727552850892
9.123117111738319 100.23585625789622
5.101675567170949 100.0007890334019
7.07714964965103 99.82018245982258
6.909311177678659 99.8685312222767
9.79026531628439 99.75243439078386
7.014609834077722 100.13739043847067
7.643480390902055 99.83302628146303
5.440164944750363 99.91999101342087
10.176341827392157 100.25121467121915
6.237560990848957 99.91783606119543
9.721445276206957 100.23402625824994
5.843436535261892 100.00808673105841
5.878015283508329 100.11871877010968
9.415286669181782 99.77457066409906
6.0871541475938455 99.86748190106455
8.918564748008606 99.76829650732506
6.385522226114902 99.85075584805352
6.354082700401589 99.90690049672
5.215350980367783 100.04643815713422
9.517989705068839 99.77169658138584
9.729878654683718 100.24610386763491
10.1880880575742 99.75229029220309
8.617807452151732 99.77500658061456
9.732640511039781 100.24609379054237
6.214948887993978 99.91983437557234
6.071029719208735 99.93655938736723
6.578759054849982 99.84142454757985
7.282839022031891 99.84878076970686
9.474208894208816 99.75786696345024
10.075817116703867 100.24469200568747
9.789128074139864 100.23621069775933
5.465785428780772 100.08242189115236
5.121094434498011 99.98361453673625
9.38375838367963 100.22496381751442
5.184580064146499 99.96140116854546
9.743984340595803 100.23506400167933
8.310465699084435 99.78251967756776
6.658565470258743 99.83787026452225
6.976551413218491 99.82446236932267
5.138659784403332 100.02422610974507
6.10877665055024 100.0685730764553
9.879967579193016 100.23898507124292
7.105779761409888 99.8573935627725
6.992532680778266 100.13663728791698
7.770846822207885 100.2025899860644
5.923985769300704 99.96051079556811
6.306449998158167 100.14469470840935
5.278313429792306 100.05708487948644
6.299684634435043 100.14428271175004
8.562289517376868 100.20067839280773
6.217234217970162 99.86026534860554
5.217828918289347 100.04561042817025
7.604594646508208 99.83419017443723
7.462338194851553 99.80711220583814
8.46026443116266 99.80264590361003
9.720742838512397 100.24542343177487
5.936898786742851 99.95730768832483
5.433553544865782 100.07816206302797
7.716535687070791 100.17056955201879
6.245902656741132 99.858825596964
8.64806673979374 99.79653038989389
9.58546451715104 99.75647923322222
5.980406817256039 100.12501229880286
6.082126816389945 99.93420907749616
5.85984223876866 99.97720005264736
5.9211699554843955 99.87902771867563
9.527498884324025 100.24223503822174
8.447147662296656 100.19717206060925
10.037107471643727 99.75086239869873
9.979393609983727 99.75760204997508
9.122416892989989 99.78209885424981
5.979487379977941 100.12476700415947
7.611651128619367 99.83362047567387
6.525233140202321 100.15542501109631
5.129558954960655 100.01643783860406
6.38357784228951 99.90328550044711
9.548210477813175 100.24238885292121
10.015415393660778 100.24777283058292
6.144472331549995 99.86492538018592
6.084405678355521 100.06653280537239
9.654772035000297 100.23332814728151
6.94859960290688 99.82607503906452
7.359023637017667 100.18902778408814
6.63423404969685 100.16043880882684
5.865466968519963 99.88327887461904
6.1026323832730585 99.9310870578301
9.431307447590585 99.7593987542159
10.043104916075402 99.75159369638364
10.030269678095909 100.24636304560337
6.9976002370426125 99.86252535824414
9.46835834060874 100.22815691540396
6.876579743527674 99.82907799104044
5.312569041480597 100.06111636789092
10.013424836015352 100.24536026173912
8.471046028523386 100.19821946454869
9.540356289527004 99.75769405311569
5.7675054390197165 100.1091824130145
7.01395603108305 100.17632992260673
9.589084793129823 100.23168318738252
5.13344179854437 99.98316923146633
6.506273996595131 99.89335432971787
9.87944439248552 100.24644850208335
9.987042702243725 99.75219321967462
6.019184530340659 100.12699451919136
5.823228263834788 100.0026021825075
9.812544881064802 99.76192000207854
8.941724365814173 100.21310597906724
7.015233766796742 99.82371075927331
9.783218348528292 99.7627350247612
9.804935804991134 100.23833319214908
5.952339241880736 99.95241831630713
8.773764218345292 99.77245829098763
8.221624293145332 99.81005257902822
5.144052901147251 99.97930436721091
7.599158736636797 99.80333105639707
9.147929150853129 100.21928322038085
5.875991211733048 100.03095621306774
6.002694760901424 99.94379569984892
9.859423256672141 100.24040759020357
8.770482787128683 100.22719581073582
9.559316162279828 99.76898100200255
9.933814871207181 100.24550448809998
5.130688022503487 99.9883220417824
8.426851333627702 100.19709187738214
9.686306843158768 99.75601824037989
9.322073214175076 99.76181498976749
5.161297114081297 100.02689907683215
9.767653091231903 100.24448655998995
6.970748275874415 99.8256929830228
6.163323154703547 100.13547655144336
5.864781774565433 100.02865472551336
9.185485360415244 99.76444035472734
6.573744943872365 99.8878831928664
5.932248318101272 99.87931628148114
7.282235472128519 99.8475578718668
9.601370429408936 99.76747282560115
7.003424011441764 99.82450215918031
9.60397345840098 100.23293200328519
5.938943754706357 100.04619498356074
6.4000089045258335 100.14838013270139
9.34533958606088 100.23808135540294
8.931951970758 99.78686557009105
8.52120044054755 100.2213111173282
7.667024113065281 100.16949904787323
7.58426224370724 100.19577712572104
5.813072287415383 99.88813698251289
5.136044256423679 100.012116810127
6.308454902799656 100.09145424508509
5.1300083494201365 100.00470631962732
5.87405988957132 100.03245175557234
8.397210171713889 99.78162834560096
5.129810245092369 99.99955279688797
9.799222926423047 100.23960925890455
9.855791496962084 99.75517535958866
8.689019608690336 100.2059585713559
7.813520803659419 100.17551984250117
8.612830461888365 100.2035766858495
9.752134204178875 100.23822787809424
6.73258249574978 100.16388453577107
8.24422446155741 99.78559810830598
6.984734461807818 100.13782072865189
9.077546372738327 100.2179560011672
9.446485081501564 100.23925588792926
9.225715867371473 100.22235908648629
9.642668735054858 100.24194133727397
5.159933562401665 99.97707826270647
6.687268897343905 100.16180686104693
9.265100504390768 100.23620073295764
9.657620591122654 99.76498002925254
9.040779297576357 100.23201467392272
9.376015478758495 100.22696012376753
5.82378267170248 99.98386270215596
9.50836741577 100.2399561601151
7.239588071839941 99.81615401737241
5.808619742007806 99.99945975612583
9.470194316932279 99.77044602831134
9.158832862509664 99.77955667127364
8.58331130489829 99.77760051513049
9.7591973921117 100.24180557915845
7.581916861863027 99.80472350186956
8.99295729842127 99.76893957358874
5.527424163072329 100.08547152693436
6.898814100090064 99.86656541872995
8.492241425241325 100.21999515298408
8.376084578518547 100.21721352104126
8.489519589446548 99.80000450182588
7.776520469437875 100.1745556927423
7.44867985454448 99.83916447709241
9.282909834797008 100.22459736541691
8.276813890632294 99.80711219780643
8.591625931684149 100.22223396616059
8.076458492521985 99.8141634501626
5.328985673068352 100.0602137137126
6.614689755970723 100.15806294993942
9.386144053594345 99.76214442082625
7.012296426185271 100.17495837011909
9.747263785290976 99.7584078133734
7.335211199094956 100.18681291577303
6.622820124359114 99.8416021911625
8.184915613047831 100.18989324024881
9.260378742346226 100.22410998547026
5.728951729474086 100.10394572939018
5.443198772759761 100.07555171350431
8.335202115174946 100.19511453998904
6.002923548634405 100.05912502836298
6.019689273921924 99.87470454344958
7.389740912563585 99.81136557220545
6.3463843712753105 100.14447550360237
5.8265263045911855 100.02139166693644
9.382179197598974 100.2280148895775
8.432936594297129 100.19851753307933
7.528462118800293 99.83535890309629
8.616458155337247 99.7955317640561
8.465754629127945 99.80040140942484
6.953759658914236 99.86303633344113
6.404790822466757 99.89885023068769
7.275699994350464 99.81549905815112
9.359761863080337 100.23653662961124
8.959749348335295 100.21543636124176
8.573001887232461 99.77854414336525
7.096369538229668 99.85536029220535
5.186610373870503 99.97219777947385
7.190809212960399 100.18130009671624
5.900148059324616 99.8833586102686
6.668696270648294 100.12026024558295
5.816553862286186 100.1103606294873
7.750236565566789 99.82595893495427
7.093728150062723 100.14464356291195
5.328373491479314 100.05866762600719
7.26423083395928 99.84698339832718
5.999754245418429 100.05969320045713
8.240523123842912 100.21318435635615
5.183492055782379 100.02588116011752
5.403532456825936 99.93052803232844
8.862261502640607 100.22732581133498
6.579502149701572 100.11446359556243
5.400914701643611 99.93099111133716
9.503766985046486 99.7617800124041
9.383629096997499 99.77136630111872
7.288972407139178 99.8456495309046
8.901629484395409 100.22798818501039
6.3510370724002225 99.90271952328374
8.331029649314438 100.19563725217411
6.308739235584128 100.14180689616536
7.629628001488571 100.19579119247473
6.0779563445470535 99.9295816126664
5.205508175521869 99.96823678297446
6.486377174073189 99.84908837998918
9.47832716227934 100.23637594723353
9.513078623638739 99.7626770130598
8.35542347342519 99.80340456529727
8.055895304459867 99.79194761263473
9.376145656395048 100.23548139172557
6.189843603078982 99.91699405569369
6.4815574048327 99.84939329024374
7.194156427170877 99.81905750519749
5.800142245530672 99.89166652252551
5.939541838836346 100.05168837271296
5.8430626746631535 99.96850723283498
9.277675188889614 99.76565069492861
8.805693295050302 99.78861669512793
8.89553515813991 100.2143828864986
9.389914709824051 100.2303460805686
6.116903398468978 99.92438524758447
9.090711061219741 99.76884969224463
6.63305685346963 99.84227570120287
9.34642785990383 99.76487725353904
6.02776315921143 100.12443441812847
7.457280561227394 99.83748400069358
6.625095477145872 99.88171322776637
7.302479426568183 99.8444459495467
9.475095502465662 99.76593292836307
8.956474195833419 99.77152721809341
9.237709786817224 99.77474453185032
6.06394102772429 100.06985150874138
6.9293049550715615 99.82959187386982
5.3620792902803585 99.93818981863802
5.92159137061897 99.95058164085593
5.548450574653921 99.91499888383825
9.422383187602746 100.2334175592658
5.815463774719045 99.97559989357131
9.418584090245073 99.76486714569293
7.886396625211997 100.20282815975276
9.423873399644384 99.76792983701019
7.622496202258642 100.16985272858352
5.936966996010687 100.05238377268938
8.075542631135932 100.20795861356684
7.4249664591583 99.81145346562192
6.904081334798935 100.1356151191189
7.7376835262976815 99.82544054986002
9.213300467296964 100.23209013517288
6.766443312431333 99.87229768314342
7.79859069039697 100.20004257936215
9.00504566428368 99.78158732783461
8.106174753455988 99.7912985741927
6.053429258004087 99.87445948271474
9.187015312052154 100.22467484863243
8.190937768250347 99.78910949379915
7.264192146709502 100.15427361901564
6.468887649132271 100.14915576523583
5.920980441623862 99.94963530490374
6.1200316026726895 100.07708606153977
7.341159667265961 100.18534796108001
8.634899093746263 100.22110586185698
9.163970131963218 100.22424892237308
5.265686525781309 100.04292397371856
5.774983747379677 100.00442634751478
6.863516775775144 99.86629133264037
9.340377349348204 99.76822563639716
9.286089791259267 99.77145116085713
5.780236796217854 100.01145126698724
9.019113752260298 100.21961169355623
6.757835479216383 100.16248185904666
5.2401389942065695 99.96353027028684
8.586770146047531 99.7799726143312
9.15564023605008 99.77611746600951
6.339703812672997 99.90176917583604
6.638203422209271 99.84292038473271
6.81841157638808 100.13127067088696
7.054719135903503 99.85578868304458
8.54701746909103 99.78092559700649
5.778148988133707 100.01095846059425
8.084183405904668 99.81175789198805
8.820837897872138 99.77519647238378
5.8548530989103025 100.03853959416625
8.777715505143414 99.7882093569091
7.390746331835831 99.83947093588878
7.901154273367207 100.18164252453161
9.25146071954705 99.77193751346468
5.20381355222427 99.97613774681061
7.053999723410908 100.174452393981
6.159800678618463 100.13153858234972
9.206767033283148 100.22969155872325
5.1758133913432784 99.9985904444641
5.518630103298242 100.08002324201884
8.508682876716225 100.20336058695105
5.958137763628515 100.11829452418202
8.219501632103341 100.21083698636834
8.32212522858549 99.80303719834066
9.153734919430036 100.22538260224357
5.771944601482094 100.01013742915848
5.239723649726686 99.96545015805714
7.99051879739279 100.20471436384018
8.406056072758158 99.8000794553209
8.105973070948139 100.18952128265296
7.388677805987088 100.18634859700411
7.987213831761416 100.2046063652212
6.844943101350877 100.13329826720116
9.055055759899526 99.77849968299634
8.77976227032283 100.21257903431835
6.49731982470274 99.88894127839774
8.97427134369422 100.2266154267966
8.935698164737502 99.7825056347753
5.9387132044451265 99.88329321972274
8.099173066484244 99.79235568230638
8.96786516673492 100.21898179760123
5.426646634396808 99.93179825092511
5.828298678432735 99.96613233983302
6.3478009347988005 100.09975680657365
7.168817783780579 99.84943448091045
5.557161138779887 100.08368278319851
7.124859814488602 100.17675282860006
8.386699297326313 100.21456815179006
5.810380943283057 100.1068271987725
8.521670693039844 100.2175938430187
7.905345573435319 100.20209286838528
6.112885639333111 100.12807282922294
6.762066703074925 100.12874250947134
5.794098509566689 99.97574044916844
6.914321076579472 99.8625070186231
6.324152931665394 99.8595993278089
6.161028672278559 100.083203628508
6.376309731230769 100.1431757213377
8.875155254679456 100.21630544151107
6.2815646094098545 100.09449939751289
8.0627494398642 100.20626367569602
7.955388349258995 100.18436877212172
8.70378065159282 99.7895789723692
8.495344819060174 100.21674173372799
5.361092417850572 100.05780239599412
5.430104928699722 100.06786448425288
8.933884122471689 100.22504378355237
8.16468871184991 100.20878698786706
6.926386829663964 99.86161313146141
7.241560807644319 100.18071190843648
9.077163234844495 100.22572728665659
6.292477068448425 100.0956840387721
7.514956478800183 100.19002750801906
5.30909354382985 99.95162216590856
5.743736425314318 99.89914056789117
9.0841417057655 99.77301625134601
7.1760409089664225 100.1782652841119
5.824444815683915 100.03471314947488
6.894814491816513 99.86326925648726
7.807664626795634 100.17891094766374
5.7640188187229295 100.01189601319786
6.1096020676591865 99.9217148747779
5.684067926073945 100.09543046200184
8.957157855914968 99.7745289694243
8.494746959758169 100.20385493038431
7.220781481537104 100.17984805192646
5.8436023561660795 99.96055569657351
6.524873884028486 99.84948184515731
9.028106448448325 100.22303672013214
6.474624459621536 99.8897706564093
6.260350490790503 99.90693136481802
7.166086742119327 100.15103141359428
6.8844740704311285 100.16671311943475
5.994927411304168 100.064861733861
8.305376102814783 99.80270132510348
8.354413631013745 100.21314324191118
5.867482086368353 100.1105239292293
8.060235586958541 99.81143836369112
5.238477467392515 100.03052936905146
8.97565783403584 99.77472427460997
7.067158312566974 99.8538194345925
7.287968338786329 99.81786134174651
9.038096210891853 99.77645598806953
7.656589531424929 100.17312418231913
5.534153104566044 99.92011615945655
5.394766832800805 99.93809032269561
9.032269224449692 99.77521882581034
9.014482016330964 99.77723702296637
6.230477770093376 99.90922100266445
6.151791352283576 99.91676424079046
5.751528539976911 99.99684046204092
7.962277203916996 100.18523507492279
5.5208329931680415 99.92183625985152
7.757450893622406 99.822710850919
5.194109587792158 99.99769422815434
8.182116853668024 100.19341789031763
6.482118751146682 100.14791242102906
8.139138943099692 100.20747707999546
8.556030492857584 100.21714622001664
8.215390150679742 99.8054165454667
5.852509706133174 100.04298104740647
5.530610472790533 100.0789798921984
8.872011956528425 100.21801809315323
7.111630495303948 100.14882396318305
8.940688485630716 100.22211211951131
8.946013959220432 99.77931320009644
6.317436576193177 100.13905038961424
7.700975295509341 100.19517395846209
7.723537272216834 99.80411090046422
7.202589090485972 99.82136158940953
6.066671367425864 100.07476220051676
5.779549134776399 99.9754206733978
5.229730978865577 99.97545368598156
8.06904402964545 100.20539512636745
8.25142215891775 99.78985419088193
5.745218641943461 100.00153006483362
6.958746319302108 100.16914035455667
7.009138270879393 99.82878341903805
6.415330721044251 100.10673092543713
7.145777118036367 99.82353876374042
7.004669861088529 99.8564781825434
7.252657788245297 100.15592975435163
6.058735885233532 99.92596865673745
6.757103547535073 100.12972481609606
5.538910843192807 99.92055099019187
8.87173204653721 100.22135721903062
5.691204312717971 100.0948343386211
6.819107755232283 100.16320952655956
6.389253823505071 99.89514202026334
6.522994355616521 99.85043327553923
8.65407975725654 100.21840736705117
6.610976813923648 99.87932247514887
5.27959481374479 99.96129922699134
5.234888849513754 100.02542379897062
8.538069075147503 99.79353254620868
5.221823210042826 99.98054371903615
5.743482918767783 100.0060120580406
7.143750355159 99.82386037659575
7.885409461928049 99.79977497673968
8.712756248659684 99.78053140125337
8.139024833036789 100.19255996259498
7.98081066989633 99.8134128964753
8.766390986852487 99.78509280958542
8.854394591269296 99.77908372693128
8.639848415729837 100.21055325240124
7.315953002788611 99.84086264130875
7.658423591173424 99.82600020389242
6.189947107055796 99.91180358310744
7.452344949227076 100.16535671967098
8.212043508153972 100.20855318316688
5.61387161336333 100.08689284948888
5.9198136109956465 99.88684326538394
5.8044788040276565 100.03414290512573
5.840736473795286 100.04250990359195
8.186362666744506 100.20788290397385
8.805054993125506 99.78320607713377
8.239306354286102 100.19636676091997
6.649851692306856 99.87646035878089
6.560551510938908 99.88231435434803
8.04860000567233 99.81068618510875
6.906634444881465 100.13881318968903
8.428432643790163 99.78644071783742
8.722203991608577 100.21417471806895
7.511642129567813 100.18859419404275
5.550509041053737 99.92011458577853
8.136008034420744 100.19274866536134
7.24131161790346 100.15593211888856
5.740356302694116 100.00821234671558
5.2098864302737695 99.99262443072737
7.294963712740495 100.1584999799635
5.396367476346623 100.05961534201892
5.7710603816575725 100.0250605630226
8.173598724837095 100.19421607750473
7.204463850180295 99.8458230767284
6.659353761779001 100.12436797418184
7.048718752816072 99.8535463564451
8.559638292648115 100.20825394886158
7.620956981489969 99.82718462519018
6.802300202009562 100.16189610413143
8.271350866431545 100.19789161542296
8.67913058979239 99.78211132015804
8.127266069135942 100.20596650347994
7.216286336143725 99.8450877556813
7.655511921822017 100.19285136353774
6.274039505040044 100.13555074965808
8.122305623823669 99.80755736308481
6.146159364558626 99.91532422075578
6.972512400195431 100.1688613362431
7.51058323193886 99.83164822607833
5.735802914603152 99.9913654892418
8.644667216192225 100.21215101961337
6.336329361911002 99.86103150096051
8.403503913134658 100.20299039479904
7.045202346365698 100.17165714109603
6.305662278809063 99.90062910931925
5.9123462681284975 99.88820804027198
6.764063978168404 99.86879833495121
7.4367053049561385 100.16536099893601
7.825406041974204 100.19758662396077
6.3666715831602385 100.14044177485985
8.178296213564941 100.19495494527261
8.022943166762726 100.20294900362116
8.655082669739429 99.78731716896746
5.75388168225594 99.97873756922111
5.805020420873447 99.96304018022288
5.467135940581575 100.0685813800263
7.381056833499297 99.83708128073795
5.921439882009808 99.94158655293549
6.496432622164471 100.11412295259659
6.973198605687294 99.85694770126561
5.267896400134244 99.96843685325243
8.521747956503766 99.78565728225853
6.05956605491645 99.87807680211375
5.897364779018374 99.88956755777149
5.795289123508011 99.9652201681773
6.74750496915293 99.84096937235938
8.667333917962072 99.78410503800637
8.10489029543951 100.19247371528108
8.385590031680454 99.79735601674001
8.485654747504636 99.78648063207673
5.345631808155451 99.95084933309832
5.758897876646545 99.9756078144379
6.23545051640814 100.13271961979615
7.3234913561223 99.83948716491342
8.415081017293573 99.7960767737437
5.728127614279963 100.00752918273892
6.281677728888772 100.09790815928474
8.443246142101579 100.20534880272659
8.399695930953929 100.20370816558055
7.781291954989477 100.18019874159904
5.978609052324019 100.06692398690069
5.308023608276485 100.04097533473411
8.38596015213934 100.21092506990975
8.559294517301474 100.21364824657535
5.4338587708369985 99.93668878345522
5.723899328546269 100.0022511605593
5.883687384187902 100.10899416383947
5.353399717993196 100.0501415288944
5.317366967038658 100.042891374001
7.2612630123990165 100.17915805882024
6.52335256630678 100.1481130901118
8.570836705566599 100.2111544704834
8.062787153822736 100.19126979596152
6.421538893875773 99.85712336875572
6.164585126277317 99.87179058087814
5.223724552647829 100.00641714819983
5.791672015985622 99.89849983489887
7.159588398996388 99.82454801510909
8.117734134380878 99.79512755803655
7.078978431506345 100.17225993274195
8.406930362186074 100.21090650014668
8.57488038161785 99.78880535658557
8.400466782770405 99.78887961396306
5.24154481033493 100.01882929639108
5.704176969813391 100.09362026966963
8.337651870170884 100.20952668536283
7.084673658417688 99.82748328033165
7.113059428758686 100.15090901375306
6.076133731412838 100.07895209076901
8.56741782566256 99.78859866878157
5.992716295198884 99.93066181581874
6.005792795908183 99.88244852404826
7.710566520449078 99.8223422321812
7.9739415812297825 100.20077134382836
7.6451784016757625 99.8249809517507
5.905272416253098 100.11016359658008
5.548007326771147 100.07723248137863
8.264233855021775 100.19933593813916
8.502113315381331 100.20929870858888
6.09323915448963 100.12323495787868
6.459136726665735 99.88755686376322
8.168490456171341 100.19587268492299
5.913987562814854 99.88931546940111
7.280187451824501 99.82057024022575
7.720313859457082 100.19350220358216
7.5941832887876055 99.82691292823479
6.697769250924452 100.12835624412602
5.242038417901198 99.98379367703039
5.531798335146315 99.92503643530877
8.214122388961183 99.79351710057655
6.180865161475844 100.12856413077762
5.386841208913949 100.05440028170499
8.430612086482249 100.20682042041761
8.141512619346742 100.19510478909444
8.274741718891988 100.20027637208648
6.3411169221735815 100.10387328384546
7.910277443022252 100.18625373285117
8.139741875626122 100.20430185228595
5.82413632084748 100.04465903859847
7.363055945733541 100.16335496513929
7.780168890185229 99.81897270290567
7.7673764550298845 99.81946730863751
7.767859127230288 100.19452791940182
7.95331790877457 99.80032272061672
5.426817372181556 99.9398717791048
5.76943719643097 100.03273283593052
5.525863712519686 99.92647365491635
7.674268793050506 100.17702916949473
5.752313720818365 100.02777430055013
8.082112484161513 99.80688904413029
7.152400210528084 100.15363977998067
5.891751964248819 99.89165816782825
6.861773141044706 100.16269098440924
7.085308982183283 100.15035956999378
8.132247802239974 99.79614437652545
7.98011998829086 99.79987333641925
5.709435859925783 100.00580369699409
5.967457755421181 100.06777326403933
6.1291771662071115 99.87521151910964
5.24757162325258 100.01454899590902
6.1783348512810985 100.12778920535581
7.698595586576062 100.19204983922931
5.8932919326764415 99.94226877307486
6.621923010766002 100.15167477906199
5.729262969075583 99.97907836739172
6.96182343061049 99.85575357000796
6.872226986707626 100.16275813814323
5.944233090990304 99.88823718450503
5.717412709763113 99.98396392667516
5.333552388333648 99.95808179592606
6.151236530767181 99.87414546749207
8.160663499061187 99.80304639916115
6.5094562908206886 99.88277842147572
6.08278410657716 99.87870863117162
6.245812366785977 99.9028832879753
8.010671475176714 99.7997877986678
5.62753388041852 100.08394841344553
8.274691146026562 100.20430452348671
6.792667274610551 100.1591162248352
5.333418298070195 99.9586778392796
5.7478322856833 99.97080366247212
8.160651444497876 100.20307640857267
5.620637249935421 99.91687262829025
8.260984720770121 100.20309565313589
5.722589814778738 99.97965540178124
5.712664812128143 100.01543512510128
5.5688049212847135 99.9227062100169
5.256295667371733 100.01500593043276
7.802787915524969 100.19440888146104
7.41128404888221 100.18250292349653
5.7191486462118055 99.98035321434332
5.727184509799614 100.0230847398789
5.912258545656272 100.06175676424276
7.660568547341899 99.80964344686166
6.706705837811309 100.13038291808262
5.316457086276171 99.96373831381521
7.0499243414618205 99.85056653823513
5.980038256545093 99.92912444773032
7.647487699355889 100.18970694669422
5.918200944217009 99.93714821686804
5.731278590214805 100.02539235339671
8.116334637161764 100.19670942083685
6.03599260402756 100.07752094170462
8.053947445512517 99.80621987036318
8.119065392003126 99.79841273307494
8.192519405102896 99.79774806477798
5.919183771267682 100.10897226464506
5.6988179297434876 100.00985035146137
5.722779178443994 99.97699498825546
7.559253037419446 100.173568893767
5.743641402737088 100.03030575383649
7.94709984283224 100.19738949298355
7.411177061147522 100.16708271468067
6.130445602649188 100.08759345931534
6.8350049154098045 100.13827460022264
8.13921734369669 100.19884060333891
5.440847277270531 99.94063489977961
6.60674599904297 99.87545759914977
6.6129739342112765 100.12500702265206
5.69007820363928 100.08912819707437
6.605139744838171 99.87549111264083
8.106780133758184 100.20006948752489
5.277779809124305 100.02171250847195
6.000781899973721 99.88525039094559
6.085250164782188 99.91672562368655
5.255876531933103 99.99344204377726
7.534583469440246 100.1857795461896
7.559795496972869 100.18650629144395
5.513347355902729 99.93082352269268
7.461455097145899 100.1696188682893
5.523960765953371 100.07042137949492
6.579292473956812 99.85163502700168
5.287850478599973 99.97548990364409
5.330584213373261 99.96260899854933
7.748506248577241 100.19173903853306
6.3342493142002505 99.86455639756184
7.686779021979873 100.17962372745829
6.563729484554782 100.12224830566963
5.361208618130895 100.04411275530734
6.106886642554313 100.08604425424024
7.884447442470877 100.19491746313852
5.70104315975441 99.98282239946151
6.321674077597131 100.13452674251883
7.45038356578715 100.16951622854737
5.893162351783444 99.93891299473471
6.70742363330898 99.86854651306062
7.9324554965960505 100.19061789764844
6.713618704883103 100.13189516785675
8.00188304147323 100.19408159006755
7.611120746976959 100.17671365646109
7.561022703040436 99.82560203296106
5.948431483398869 100.06871533079729
5.511270001204636 100.06797872697513
5.994587628292801 100.11355943256146
6.167213551978676 99.87482768053269
6.713983097732293 100.15423433648878
7.055572092470854 99.84911643659227
6.405855072677733 99.88833004702832
5.493997387381596 100.0653903436931
5.531891682791004 99.92958476343985
6.372183586383601 99.89077552413892
5.917141235052312 100.06491350546096
7.812468027153309 100.19252881712214
7.431522923624049 99.81819991310601
6.804575756824167 99.84181580220375
7.702345316426672 100.18959918470487
6.588931346453129 100.14813364557428
5.386973456553027 100.04783053212164
6.7366571807115285 100.15501686311015
5.382756986921863 99.95303111825451
7.824209593772331 99.8136938284741
5.567299227721486 99.9255969540879
5.271324521836979 100.01004308220693
5.270533177415717 100.00918531824182
7.27116205113285 99.83820113318966
6.859854891514189 100.16025634778472
7.582485726684661 100.17612144351025
7.922757394540484 99.80550996472581
7.848543648931653 100.18808726077012
7.787260833759797 99.808325327557
5.335517160484998 100.03580309317712
5.685872925030133 100.0131594853769
5.937712745774746 100.06822666380815
7.325230701576883 99.8355406370512
6.452164248867434 100.1155284078188
5.734267463992599 99.96752542056373
6.407688597392853 100.11234229121325
6.601694724287723 100.12560698102845
7.761871212792281 99.8160042123576
7.776612394223201 99.81533061365529
7.217528082587568 100.17399155527141
7.865383308707912 99.8111186887111
5.87688215744672 100.06014482442635
6.023822140781785 99.92139940296171
5.712047071435411 99.91052922240299
6.95329341506809 99.85386199893911
6.966444259106006 99.85315727993536
7.666493333039647 100.18017871991123
6.178390015058537 100.09401427187414
7.205322761305699 100.15906752256444
7.8850775666316295 100.19202664050357
7.5115681780734995 99.81634769819453
5.288301072363735 99.98198022424882
7.174840631497762 100.17223829846654
6.26578729269867 100.10168701572394
7.681528062674028 99.81911115252083
7.848828495301392 99.80787443088349
6.614021901934871 100.14879331034574
7.498578075797818 100.17291614796272
7.592080705252972 99.81410238953066
5.706392395733398 99.97492126436563
7.834040469340402 100.18867243913786
7.29077568754294 99.82366255107885
6.614538902286576 100.14870140173333
5.504117623128331 100.06514010650444
7.829532135231909 100.18948396320067
7.464333473168443 100.1816651060372
6.888927777751272 99.8390326666814
5.768986000495501 99.95759262003173
7.576958590806489 100.18493240906935
7.236149103218408 100.1609894828893
5.375559568574449 100.04340303954262
6.408398608553028 99.86190487717849
5.68620517584104 99.981929708985
5.469839824282323 100.05993195989547
6.3050493962885845 100.13221773926699
7.782283429348698 100.1870369564735
5.869159195041586 100.06014584606069
5.316709069921298 99.97251168438848
5.668657425985171 100.00625218733833
6.722925486767965 99.86616037791421
7.663001577969813 100.18675631754792
7.691151403928465 100.18258804198113
6.382346741988142 100.11137428402036
5.989721675207796 99.92416444663311
7.54438200269618 100.18362310929692
6.73653055657305 99.84590976206403
5.436151310074785 99.94578763700828
6.3255931710291655 99.8667146161353
5.42036914822587 100.05137920674815
7.667088038180956 100.18158426613238
7.129668224359643 99.82992628899149
7.751485632454719 100.18630169205404
6.023415569647844 99.8859406475026
6.504217665479544 99.8571558829174
5.801338947778482 99.90341332802691
6.202147945240269 100.12576896397744
6.1218901435343644 99.91019765514429
5.791359440514621 99.90434507137878
7.305635382326555 100.17599911658817
5.344031762628832 100.0345973283643
7.6957917897614 100.18680810627313
6.296420139243569 99.86862242906693
7.366929338285651 99.82191999604703
7.281887404416174 100.17511295444356
7.367167253265983 100.16784127387186
5.898198333061068 99.89551619979179
7.207561264469537 100.17253671622734
6.014003312137777 99.9210042246172
6.3801877799122515 99.86393026044159
7.442939467413302 100.17147110628343
7.4767936284548755 99.81861227574555
7.386123672513244 100.16882835226988
6.435075558734789 99.88443805752065
5.70456799302717 100.02800342631504
5.715328599242028 100.03131564243945
7.1586897477120175 100.1706561977291
5.283322683605107 100.00300167342608
5.29744887419641 99.98341989548713
7.401597656993273 99.82105444377923
5.304148319788922 100.01968055986488
5.813553532294477 99.9474122651973
5.659854275664954 100.0015225203314
6.7585908145029725 100.15447274686372
5.390197320815148 99.95563804699219
7.564194026419005 100.18311683043757
5.96096834326074 100.07343803145388
5.915912821548111 99.93216057284471
6.553220982527153 100.12396519634964
5.849593702008076 100.05864074362712
7.055286951373072 99.83332178868089
5.433194432308926 99.9476887776804
5.999631343270941 100.11169871311667
5.4606974577050575 99.94313994928355
5.626014934409888 99.92139562311915
5.8483090235436075 100.05861262736894
5.362637406413571 99.96221396690963
6.070978534320351 99.91436189599679
7.455009042739952 100.17278515666433
7.489286213484395 99.82567736769323
7.252324157875194 100.17336075657094
6.5169776380504985 99.85726773725666
7.533292411068135 100.17686368130902
6.014135209168315 100.11248313510025
7.228508582855343 100.17250120733134
6.62891951747025 100.14809869039684
7.033552282066788 99.8344931849879
7.413634935350022 100.17831627134318
5.339039360381427 99.96954635025627
5.711522865931684 100.0324793119356
5.683076202922993 99.97678445824178
5.679446179697273 100.02190684202806
5.6731506439808435 99.980716436607
7.581698456211355 100.1812658288319
6.568746995919537 99.87451469737607
6.442601203197424 100.11711990029048
5.651423113303769 99.9972827554204
6.825176308087858 99.85887136830671
5.771963205689917 100.04687525705558
7.136724644189834 99.8310653589093
5.948503881192692 100.10701152033376
6.628844245896105 100.12972834532293
6.756176170365803 99.86260818390703
7.425204080132809 100.17759767498731
6.796100460769785 99.84477101836482
5.412827941428784 99.95347675716971
5.9937328277770545 99.88966790437358
6.897843482221038 99.85446955599296
6.115043391491507 100.11872036424559
6.881227887341117 100.15851126406615
6.129089850209793 99.88052382092408
7.0730721996465675 100.15527543193579
5.94039954628363 100.07303468980221
6.482440046116506 99.86010502804248
5.967663082006454 99.89208515045999
6.715660098031456 100.15109012202886
6.753411090238215 99.84712559573532
7.336707045373027 100.17416464807361
5.844239229581345 99.93954070040239
6.902896650077426 100.14642303794226
5.939184933988539 100.07308376171162
5.3022811786610164 100.00200536202584
5.302394394156167 100.0019306979616
6.451182549947217 100.11863252575084
6.213534711419821 100.12452705593878
6.263035536020829 99.89549309002233
5.784822479792429 99.9073372025569
5.6829664804187425 99.91729191526787
6.52745218286966 99.8761269590031
6.800711274097392 100.14080953189935
5.789646244300459 99.90706085007648
5.792464323189638 99.94725331487102
6.839390675820401 100.1432203511839
7.370101105226624 100.1734993216734
5.6446653530316695 100.01107949129626
6.305901274197991 100.10829188937983
6.8899722398920655 99.84173341797583
5.436486874389099 99.95096664261752
7.3593040249993535 99.82603966071662
5.30851433483562 100.00597344105488
6.595040440932933 100.1449574823
5.5356430343252665 99.93540855107773
5.720277462662604 100.03914275885677
7.1204938859531985 100.15875980047683
6.3720668986727524 99.86661584219988
6.097222792492132 100.0906338318134
7.2776693738115625 100.17119791921145
6.87447846094188 99.85458865839684
7.3259352856170254 100.17096968666554
5.635004123464099 99.99719388018882
5.649201452004324 99.92168343710367
5.719109746186658 99.9606826669508
7.1203663772068495 99.84106851471424
7.100363245781581 100.16550160475835
5.530271953607897 99.93682665361379
6.342788601996354 99.88836619352266
5.312775142183714 99.99573983918802
6.500338725790745 100.13981326274852
6.4597288220421065 100.12016534889143
6.61744366778881 99.85433739892729
7.270034053875314 99.82957785960585
6.719981091083814 100.13695742763197
5.36306747428733 99.9693315178642
6.345765960305775 99.86848540794549
5.839164890636739 100.06140878164948
7.194884042721828 99.83152929556685
5.641066294285072 99.98625326080796
6.475644597362523 99.86147635599693
7.077518047299981 100.16435925393137
5.77613468248945 99.90933113586308
5.437224266774564 100.04767029208834
7.140476033804108 100.16626021215033
7.230521764786901 99.83096888942508
7.227289089437115 100.16835030773538
6.006510779115912 100.08225229230268
6.527614121799115 99.85896114506718
7.226585554093292 100.16618534968067
5.740838298664113 99.91281835697879
5.657129728364238 100.02290772737555
7.097548262994319 100.16476798219452
6.133839224749299 100.09481461392306
6.228128664718129 100.10300615429269
6.5443007893614835 99.87380516525995
5.405586433865155 100.04064910084129
5.831710729192528 99.93904921662656
6.196944431861256 99.87776132372649
6.420150166523809 100.13513943219311
5.415750348790891 99.95731747986238
5.540063378498109 99.93634798376554
6.460057886316043 100.13708406137688
6.266130142389102 100.12622319291684
5.820943887547667 99.90588880686511
6.134455663421137 100.09540080535594
5.674168098301732 100.03055498280841
5.661171309838779 99.97362695644665
6.5772015371178405 99.85703779415793
5.432873494837397 100.04547117670153
5.924567066843295 99.92618008888022
5.779064953372013 99.94659091505723
5.388201009563111 100.03514977101486
6.242624233074716 99.87544133588997
6.768052881577419 100.14091838409665
5.651185230020519 100.07680225827394
5.8004172609710505 100.0572736162988
6.211320316895766 100.10244918941548
5.866575711992156 100.06685215402366
7.025527000060002 99.83875203184924
6.235272880918163 100.10446304058318
6.064945356738942 100.11274088627124
7.0797014332252495 100.16015170969816
5.333112764333229 99.98799021690562
5.521389233448368 100.0596908294563
6.030037403123495 100.11012050968225
6.8536172541615175 100.1463735680536
5.5039600319519675 100.05695348966898
5.621935861837712 99.9910752378399
6.374372631058585 100.1154984262961
5.851343665224402 100.06521742131437
6.005008181282896 99.89176104380098
7.01445339571513 100.15612361696921
6.956942165160011 100.15262520536773
6.905862520121476 100.14968076578698
6.9402726925847436 99.8424426153483
6.61044603161618 99.86817910232857
5.909470646728093 99.89942730541334
6.611431690900876 99.86804164264024
6.87485070469881 100.14820475680929
5.653756461399229 100.0271912964748
6.870827488751852 99.8453094665722
5.613587418176905 100.00228575496857
6.089053786669996 99.90766112679377
5.979733200981264 99.89406266921327
6.969709586920196 100.15751229464799
6.966576146288599 100.15419970167227
5.617490403428894 99.99003766799125
6.4909416746075435 100.12435157194892
6.086841635907953 99.88651543724649
6.294818251378752 99.88984788627643
5.353061907092602 99.98089404932041
5.706173683236822 99.91853147308828
5.885255548946513 100.0707652342244
6.145320733263826 99.90205997481905
5.622487085461534 100.01581498421382
6.49647790931649 100.12507303778405
6.154271659683462 99.90117646352016
5.881661399246671 100.07058810326716
6.943529352980372 99.84619173375938
6.230748629971716 99.87750807511405
6.796341473479234 100.1506004827622
5.758583859621474 100.05279930241115
5.789192582871714 99.94209695240065
6.795244400304012 99.85544967110918
6.468133907650026 99.86432596416985
6.753220058227163 100.14218543178085
5.878719674569571 99.90309781548437
6.031046322047231 100.10871108446867
6.322268756232724 99.8725404743235
5.354749583483318 99.98433171346146
5.414984859502512 100.03660186086833
6.490334555574299 100.12548721901359
5.667567293590644 99.96503176158858
6.446303547261813 100.12244797544116
5.473045472630613 100.04875175873708
6.838770149735785 100.1501068783636
5.589809252629137 99.93332521753906
5.860401978234593 100.06888781346424
5.453370481180088 100.04486012037975
5.849827440121313 100.06753221285346
5.360307788300884 100.0175820508435
5.473173397578284 99.95151468288645
6.534697209188587 100.13816988148731
5.599340166805851 99.99704350845094
6.781656115748029 99.85154784638878
5.653949910097567 100.03217723460395
5.604313128986052 99.93192041477529
6.761682489034345 99.85231193405274
6.606827210236037 100.13390927115421
6.667729296937181 100.13805468264236
5.980211621095995 99.91658370625441
5.793700842413339 100.06014909090636
5.862047405074872 100.09468554463386
5.9818677957530975 100.10439706176743
5.830549637013954 100.06557622891202
6.1783799874355845 99.8819289335674
6.435630976392513 99.86705199997952
5.8648245150992695 100.09471723456824
6.303123101229862 99.88744138095598
5.527713821718286 100.05683437228886
6.508699611233185 99.87245881698242
5.349301000019582 99.99779584143778
6.626264236678691 99.86446419234714
5.84952815930849 99.90665315632039
6.028249829557272 99.9112724218645
5.452044196557609 99.9568733468755
5.660026109755531 99.92571894092481
6.313416576549428 99.87400507272685
5.355710789894887 100.01013354074834
6.251951470309218 100.12224241198041
5.353228256784942 99.99320316103216
6.5767086516452125 100.13275040701507
6.700585220980064 99.85869357242035
6.106515178841553 99.88714732002116
6.391903753294863 100.12992756923961
6.030642118040316 100.10738281700371
5.6034642770190475 100.015599704714
6.703508803001088 99.85671816918581
6.6662017668248845 99.85763394765813
5.6175709455707015 100.06859659344602
6.518416260037676 100.13595815078416
6.61350944683406 100.13972952613044
5.457658857910817 99.95693899650597
6.134195006626851 100.11413229209302
6.519528238864935 99.870459171711
6.648374802895938 99.86033512488531
5.442601410608711 100.0393751573829
6.538111786996819 100.13117771861369
6.044279259462965 100.09139085813689
5.621878169909832 99.97405580644374
5.844390524189493 99.93098072819899
6.389189236963228 99.87084363120992
6.0703244754610095 100.09401649636416
6.5447439748243585 100.13631024657569
6.58863136922771 100.13556855049775
5.9303342312291925 100.09896510000827
6.432910004126158 100.13108066208898
6.5939260493491805 100.13659894914063
5.4184344876130295 99.96731337824693
5.888633255089717 100.09537186663515
6.592814789436816 99.86332154712963
6.165943491453602 100.10301792039877
6.554647833641584 99.86674336551589
5.443679288931984 100.03854701754257
6.508961077320648 100.12999875595405
6.572303013131664 99.86369801995824
5.619333763856411 100.02672238080739
6.393903795294911 99.87872314330912
5.469373460566007 100.04384310180471
6.45478443327355 100.12615162787597
5.6019615337473665 99.97982437506387
6.036432753164445 99.90869870030124
6.13278314392271 99.89965908450813
6.402206033566289 99.8778639861878
6.526693589478679 99.86570419914943
5.716358283971251 100.05052554708459
6.35638288258188 99.87361665307975
6.138961022950905 100.10121246986665
5.788259908387311 99.91427487921068
5.576061436451162 99.9389541566236
6.442819400775953 100.12629728047747
6.159282305206409 99.88542716727186
6.437503543921261 100.12594629318178
6.065198305185418 99.89190196673522
5.577826316011684 100.06088474488645
5.576454521437101 99.93926839409474
6.464933646478429 99.87050509123853
5.914594838469573 99.90355391628769
5.589624674165881 99.9822560788056
5.397244748787242 100.02177276519495
5.913802590484328 100.096167039864
5.396861562265144 100.02137786241948
5.7594907056489815 99.91792853351708
5.396049296369724 100.02049415856128
5.871058342446752 99.92529222680285
6.100025267912506 100.0988692843261
5.902519537417286 100.07863274498395
6.355863596993159 99.87553028277182
5.8646750903306035 99.90833671188882
6.149482031037278 99.89654543074933
6.347911685649907 100.12074952013036
6.06831128300448 100.09614640628278
5.684786860046267 99.9263775619104
6.356690358024731 99.87854158077585
5.771691913209636 99.93811086740563
5.561903828745745 99.94268980588481
5.592487922451932 100.02243819080537
6.1559703197968965 100.10452037634356
5.836918133436424 99.91132851403528
5.586165716973417 99.97966229427452
5.530860109890602 100.05189235410269
5.789982023553061 99.93502186866276
6.316918450703873 99.88079850925003
5.986846416091345 100.08874031415603
6.311467913183752 99.87938603513103
5.733780921010065 99.92165389477677
5.565018500137343 99.9934746512222
5.636061011377759 100.03720671778429
5.706603734525942 100.07526287998306
5.6899368779919675 99.92672379400639
5.392626281218446 100.01355092385428
6.1098917034864515 99.89899648786555
5.789282406227669 99.93428465587141
5.670630443293833 100.0459400642926
5.558668363055188 100.00260618793733
6.228611187491922 100.11314181767013
5.959638272838198 99.90188208632995
5.594306502532243 99.93931224059808
5.605855632855072 99.9697722551308
6.174787857788765 99.89225355271276
5.78674343515115 100.0828080733964
5.592640903578745 100.06016090978773
5.681315652927783 100.04858974883744
5.947894372987259 100.0857847361057
5.579307886440248 99.97887468205553
5.488024181531802 100.04224903804473
6.189771657351074 99.88765343055663
6.155593219970194 99.88934231908219
6.1765480713627525 99.89096563362476
5.759169893101005 100.06228104436946
5.571498496414991 99.94345456847847
6.130902192645566 100.10577559578977
5.687928617836856 99.94902427701776
5.40561528770962 100.0148101159311
5.754533278760925 99.93782245514376
5.785597159087068 100.06683721347613
5.397317195909117 100.00783242536629
5.502037759314507 99.95619657318537
5.45533044292342 100.03274833372335
6.077944419906491 100.10411695522026
5.921020511393013 99.91590664412277
6.108316386296566 99.8948205178296
5.740715403593885 100.0606453366691
5.6906742170334725 99.92869580607086
6.058621216293228 100.10283485465989
5.8779720127470165 99.91019387263316
5.761502913830741 100.06386479735357
6.0055007105427896 100.09377863417143
5.633533352353258 99.95912400881754
5.4602758612045905 99.966642177945
5.640657644056979 100.04263519705157
5.88730875420033 99.90986769123722
5.7901003145792656 100.08120022533396
5.4116424377132795 100.01371208751306
5.993246680668 99.90290936458517
6.01410822672988 99.90225488344778
5.769945346176245 99.93372445699319
5.7208040637079245 99.94122976337916
5.811711631555851 99.91723624530825
5.95045929819995 100.09394773205548
5.8926982251549775 100.08259760487462
5.546329022681605 99.9884425258291
5.9510318576771235 99.90613651128515
5.989870121271075 99.90532652147105
5.463740098799237 99.96780973395487
5.716654462636937 100.05870070696827
5.747481646893901 99.93642958874119
5.9596577175954035 100.09194082818838
5.778248137697533 100.07881435955451
5.942375749703868 100.08970850071393
5.692068875089124 99.93052217173984
5.423585127396738 100.016202091841
5.476296711563323 100.03440794651667
5.931035617996322 100.09010468700643
5.553063324267561 100.01900880568547
5.930805899120786 99.91000837957729
5.547417780327971 100.01705334030456
5.8225364533504 99.91790268367427
5.8483269865611565 99.91963112998171
5.510606973372573 99.95943327548481
5.52778336124555 100.0020319825808
5.62432781018994 100.04375372479315
5.775882815780496 100.07060992347286
5.488276937787854 99.96499167164353
5.796743292412661 99.9261925649602
5.800183854668814 99.92306913171115
5.421866539264745 99.9959089424105
5.597794763642194 99.94530300179717
5.7320915548519205 99.92891962966345
5.7529433264281264 99.92805301587828
5.580852925794048 100.05133373838713
5.755464078516471 100.07089462901001
5.746611165560801 100.06903799905298
5.616403043174095 99.95593906385612
5.741336842541159 100.06803785637307
5.509211309161971 99.96201060619572
5.741557059433764 100.06872223429846
5.731441365489069 100.06853412394354
5.7200932433737774 100.06537897963379
5.692347990982063 100.06071957413816
5.4502755911693415 99.98067846557186
5.691514422370458 99.9389204069762
5.588823304618157 100.05115733734085
5.679565818557914 100.05991054927088
5.542545638584703 99.97487455501468
5.611997118539069 100.05347134655048
5.652532058648184 99.94304018403778
5.643236861341744 100.05533786048335
5.595931980616102 100.05047740216982
5.633229658141101 100.05418329006893
5.577590458329229 100.03931095506528
5.507180768360759 99.99211413744952
5.534643785481859 100.02542876929941
5.53389369328085 100.02622459122404
5.5009390020123465 99.99298839668532
5.553190169218674 100.03608454336864
5.529701939458851 99.9717672674602
5.498651481751222 99.98896906643996
5.516358090113268 99.96896383343048
5.465927969302101 99.98536623023743
5.492734981977973 100.0069843423369
5.4874703605378405 99.99945227919035
5.484821375974565 99.9886105277808
5.472650928514189 99.99375381099668
