chirp_mass mass_ratio initial_eccentricity
18.704736572514154 0.5424524408429768 0.1676586274096594
18.667230864846978 0.5539212904896579 0.16362703787135555
18.58804297638995 0.5589499001515423 0.15923409235125438
18.545602283901314 0.5618781465292904 0.18720591168701498
18.599956520971304 0.559547658525432 0.17826490076572163
18.540878132765325 0.5545637562452758 0.1863178691064539
18.640748839904422 0.5567576803102746 0.17263789175648028
18.65554045938615 0.5540047829300067 0.17634677107093183
18.636621914567954 0.5568101688886333 0.19584670811564686
18.68252786974035 0.5468539272914521 0.17006415095958255
18.64625284578005 0.5533154850556451 0.1751168695445933
18.544407742298542 0.5600842615838734 0.1886216137696659
18.667453639743346 0.5493619074789815 0.18360559302418586
18.515997304715246 0.5630926563361427 0.19302011656782386
18.592510447897403 0.555759873605364 0.17293968691832676
18.66274910039361 0.5487890816441838 0.18431386962422505
18.560804896770176 0.5593492087357197 0.18672105982852805
18.666034575382383 0.5487951349112541 0.17443815929438788
18.59358082001843 0.560521578602462 0.18981061824944767
18.66274294414354 0.5473553222065474 0.17996686338999626
18.513141703043342 0.5587265561708779 0.19051395507660998
18.66657124438799 0.5486188524813215 0.1771269687156434
18.595851737538773 0.5564940784730271 0.17560685423428804
18.536366096336746 0.5623211194766974 0.19156926853493614
18.551847293658895 0.5495141093128761 0.19517389725207276
18.598841570120253 0.5515217322232123 0.1757912187626323
18.626376688098247 0.5572130504598729 0.1942638591563032
18.6287281977316 0.5470360725878739 0.18829569115997868
18.640031205799076 0.5469945497622171 0.1905995311863341
18.640346843087272 0.5477571703261224 0.1928761412278739
18.63103501371324 0.5550590436103114 0.17285267103497542
18.59811822173552 0.5524326059294242 0.1764358168521109
18.62316586404608 0.5551550226024036 0.17365444712644088
18.655127258969994 0.5519955982368409 0.18335365729648598
18.66070814774048 0.5508837134859361 0.17534702555766593
18.597323751350288 0.5550711703601098 0.17563798296828811
18.637687853609574 0.5475417355486736 0.18201036787897681
18.566669474853338 0.5548443906736632 0.18294401071793975
18.50936103569481 0.5635970264227488 0.19901868703846834
18.63294878289637 0.5475637501625154 0.18490542750931205
18.569342183854438 0.559340170895977 0.18996400800723998
18.663852626904163 0.5509652294987637 0.1788755034154536
18.57348187935383 0.5477375468082513 0.19785729374865915
18.614455257500513 0.5492453256195537 0.18605309198991576
18.642095107667647 0.5557538299089315 0.18955179640066047
18.62339413994502 0.5570204364350506 0.19349622973605407
18.558801871502766 0.5540852953635792 0.1867148012648249
18.533925428615238 0.5585800394579885 0.19406925212961387
18.585895693939396 0.5589117761713924 0.1869480181006516
18.577306169960377 0.5585007859416056 0.18625967924824724
18.636448933743655 0.5486350384008207 0.19007660307852536
18.645581363279625 0.5519121087480388 0.18158944249780273
18.51213790408616 0.5565067422523733 0.19981051230410635
18.590445651279715 0.5577232831554504 0.18342859521481053
18.565017136575307 0.5607115270225238 0.19732101584548425
18.568426018116746 0.5580582218745931 0.18634738857527341
18.632148868101947 0.5490706058255724 0.1915565368855192
18.644433933493758 0.5513833436686137 0.18654218658543614
18.60326807831249 0.5524422805290033 0.17729525672481725
18.629423613084725 0.5488074783638143 0.1905777261810431
18.568025767797177 0.5484660539024585 0.19782639536997185
18.638233947826695 0.5498911784864035 0.1804062281633105
18.626017841002913 0.5509609836322564 0.19469835990136275
18.62789922330898 0.5524395115490504 0.17171697713271075
18.614861106442714 0.5529668196778822 0.17482090357973312
18.555712492679802 0.5564147699845874 0.18963363557311003
18.63396883538493 0.5497517124286466 0.19106174104162713
18.53195181675484 0.5608479431111217 0.19289082868036578
18.641265028728487 0.551445728625239 0.18175227685845585
18.559559754932657 0.5568775143919158 0.18914050434978902
18.569715090409673 0.5516117164806329 0.1873225403285317
18.631885240543397 0.5494748443048085 0.18361971409661348
18.634125131914193 0.5495507438486515 0.18893852088925558
18.59200442088066 0.5525536941376115 0.1810464412463824
18.64114960092004 0.5552838014033153 0.18956925873498942
18.619577927964126 0.5500558949364072 0.18650513051990328
18.611996531002948 0.5573587112582902 0.19562218949824
18.546757404872427 0.5507543174756829 0.19753875005670182
18.513071172562093 0.5601039279744698 0.19571344151534692
18.563592338873963 0.554944340687043 0.18638794236217976
18.63711711449996 0.5513023299472453 0.1846066094086453
18.567587999786703 0.5601635479427896 0.19719775854680552
18.630581055258702 0.5561835241921671 0.18222223804723334
18.588201163910462 0.5474445002156546 0.1960341076041718
18.53424692239363 0.560636632163567 0.19848590550879128
18.54744183105216 0.5533588592839701 0.19238385260484667
18.556588234762646 0.5592897409745349 0.19368710909818254
18.620487463549694 0.5507578305866203 0.19214777339396594
18.639335788076362 0.5555540499981996 0.18812338125917957
18.56717566977548 0.5571438341590893 0.18690061948493816
18.533790316576255 0.5548822563181244 0.19672650739170683
18.58656836206603 0.5583590202192609 0.18761703133384633
18.533748962797407 0.5616649986939155 0.19603815829953297
18.61411647343936 0.5553071913801183 0.17950293039687013
18.621764542393567 0.5509221910037166 0.19059431302195062
18.5496812177568 0.5574851545645758 0.19263173890835217
18.54821730890442 0.5608368936626967 0.19942577999788302
18.561862055751917 0.5587605093811958 0.19257533965114915
18.552534405942744 0.5501063045373481 0.19859932273768252
18.58710962534476 0.5478850249413538 0.19383638291953595
18.620433608783742 0.5553195110831245 0.17938645781777965
18.578610906514346 0.5589199216371468 0.18992489868916426
18.575976490063354 0.5546958941433868 0.18430640510262877
18.5395260693846 0.5550010530186742 0.19544290785101254
18.628985004600295 0.5554108140122238 0.19410404746495136
18.514917921520887 0.5605263087154477 0.19681511434751195
18.599192119077422 0.5520191367406938 0.18068085659575303
18.586117584099853 0.5552815534738601 0.1825998338400436
18.5691497828545 0.55372312260029 0.18659035657077944
18.612884908144082 0.555678707894094 0.18110618761309305
18.62118953747268 0.5552013539700823 0.1987694312410208
18.564622358335374 0.55158901683476 0.1903650095453097
18.524646947883 0.5595004478466292 0.19453258101300797
18.53000635688176 0.5550082369973504 0.1984071736744932
18.607967441032994 0.5554106454494668 0.1812155409601411
18.572838866798076 0.5548877748177122 0.1855805614977137
18.56807649867348 0.559080467644145 0.1937915271980526
18.58662197793622 0.5567406072862061 0.18474761742171933
18.553614188496244 0.5562075122865303 0.192075968519173
18.60741476755625 0.5579944928770042 0.19205088878411036
18.61765884171901 0.5513813505183762 0.17674794175942385
18.558957827954686 0.5561039101010092 0.18889609280642272
18.59370578432963 0.5522229984353781 0.18242257611254634
18.614758420135143 0.5559850638746293 0.19823051328394772
18.599274794764625 0.552918134910164 0.18081598565003673
18.574071966582796 0.5582507498398284 0.18928394502338067
18.61380615956759 0.5570141808698763 0.1873454295803818
18.576221492533136 0.5549288179657169 0.18524004097543578
18.531275205743583 0.5560890057591524 0.1976426514586437
18.568398095262012 0.5499527824295707 0.19453060820764742
18.529858978081002 0.5556862086081337 0.19828719615658494
18.522877546226404 0.558695511451678 0.1952736907026151
18.546475620581248 0.5599970754067675 0.1981225723658584
18.583457546152435 0.5481272978310404 0.19989888998256342
18.580992736853403 0.5551098477517064 0.18446934485865618
18.57829694054784 0.549792162687759 0.1910876836591395
18.618429717833028 0.5563499576516837 0.1847471915261284
18.548830204977094 0.5519003655631795 0.19572885648940974
18.613535657160373 0.5508857346840728 0.17876121034255854
18.59603001045869 0.5584862006989821 0.19418028655540362
18.574335384326535 0.5539961825298972 0.18611028041924985
18.610175091386438 0.5518654013897852 0.17913028501816683
18.599330127411505 0.5505383345583449 0.18307512506110232
18.63845352520728 0.5546819924869891 0.1898663897877943
18.618171769680046 0.5559020129976942 0.18320517708294248
18.63171375625688 0.5544651927059919 0.19442777009039475
18.570395297516505 0.5492023136991168 0.1986327357831608
18.61823012081855 0.5523088034625793 0.17756625812182755
18.587611218338264 0.5548529316412236 0.18360445547563317
18.61672748173211 0.5550880395714989 0.1812376363387882
18.6013939726473 0.5528978545626484 0.18136018430530856
18.563791487315623 0.5514867304836707 0.1919066962445789
18.62027819008426 0.5518408672885157 0.17722766952537872
18.599504864755076 0.5577654373886746 0.18854989004160835
18.566162025878153 0.5587973006280987 0.19474765494738777
18.559174245979968 0.5543423025691295 0.1902104840069188
18.520290240450628 0.5595064328654064 0.19688752385976252
18.619541169534195 0.5563706575586493 0.18866198809559795
18.60496490963939 0.5563494999553025 0.1853689363454727
18.610032620563874 0.5508626704491576 0.18037002151688697
18.579449656565586 0.558045877561725 0.18974139737526044
18.622720924809748 0.5554558622859612 0.1826194787667382
18.584761293591683 0.54844415356004 0.19739744047462257
18.595841650279205 0.54798671469086 0.19291319128608345
18.627350243803598 0.5538520878419845 0.1977792180570431
18.560758961027716 0.5515346670429697 0.1931461925189229
18.581288765492754 0.5495301409385577 0.1919635904329077
18.602096033981574 0.5571455128953775 0.186616989394694
18.589555663615545 0.5583808663273162 0.19874718983686682
18.612889740537472 0.5516270476897556 0.1794441119887481
18.62179988950067 0.5560820059390905 0.187203010094749
18.604819794781157 0.5540067360925076 0.1816703695614088
18.64151614691038 0.5546688278721291 0.18516177913850126
18.5225566154059 0.5596155712556536 0.1969661242867311
18.54175500700091 0.5562901105062086 0.19622049738921074
18.600063304855926 0.5477298989677072 0.19950225969322552
18.60561629755214 0.5571165744665322 0.19672777736557964
18.59058406597062 0.5486204378655622 0.19230888763534268
18.603740698039033 0.55758175712964 0.19440546662922273
18.591965166102472 0.5545836049666664 0.18331416888407887
18.566818743059077 0.5583252187848955 0.19417724841571787
18.571224249742578 0.5536886987624013 0.187997526794786
18.608843497950197 0.556816996513575 0.19294470970422836
18.601105333594212 0.550402352253696 0.18373905155186923
18.587643662020525 0.5497954657258497 0.18925502746488015
18.606761171440265 0.5521175365911302 0.18108052311688366
18.57577919784493 0.5491383907226145 0.19911315741042468
18.54675519324932 0.5588869926624036 0.1975282424908966
18.63382908044052 0.5546389117860797 0.1812460591690019
18.54482944396756 0.5533278852461747 0.19579658086564955
18.583349792705462 0.5554473185053692 0.18580087161046183
18.587399351073827 0.5538553425302147 0.1843987886759074
18.54206274265244 0.5542031724101267 0.19803360484381696
18.588008820317153 0.5552295245847554 0.18490548445449065
18.5536299392077 0.5583337451095314 0.19592681739827406
18.600609239618063 0.5478676762650811 0.19446484437103245
18.60548992725412 0.5565065497555081 0.185411234509447
18.59535677590687 0.5531817806840993 0.1837756735164878
18.59103645313076 0.5556068875182948 0.18493636256562637
18.557986283193614 0.5503407432269486 0.1996520670012741
18.58618990946895 0.5486132235022608 0.19855597301791558
18.52924343825302 0.5575406877106046 0.19955193910735117
18.609842438478584 0.5558037526022808 0.18499114921397894
18.579269064798552 0.5588587197151842 0.19966569430161463
18.609973052555148 0.5559797561350814 0.18565625338348252
18.622246739629894 0.5515091818192868 0.17816257103244798
18.512862323593275 0.5598192581226012 0.19952613961032442
18.547935440514685 0.5588302123747186 0.19784696953227418
18.63424710910913 0.553758510705866 0.19296420260033983
18.6114356841923 0.556465618780384 0.190480158327928
18.5703523041601 0.558642552278407 0.1932608027904141
18.631708875411505 0.5548310830267156 0.18933369860130625
18.591543346181034 0.5485530572733166 0.1944406469502188
18.56388652873805 0.554562135160248 0.19006810151381728
18.625924087630377 0.553734192800712 0.17953891123453655
18.597935520021423 0.5563801605555299 0.1857735336863948
18.619105543942908 0.5535578111277755 0.180067904369019
18.607280509001146 0.5564174871365912 0.195170936208136
18.58985821906188 0.5538976263876538 0.18432372037313102
18.602829165121083 0.5481062598178955 0.19084882443586765
18.623704303842533 0.5545460430468933 0.18162788744305128
18.58107593481925 0.5587172423481082 0.1967309612321374
18.57677671210978 0.5534190806907714 0.18748212689428598
18.627144572961953 0.5552690806146886 0.18855460065587626
18.62837892117451 0.5532250085936566 0.19707973987795155
18.6257584007233 0.5546256121072073 0.19337775582294658
18.608490818669686 0.5564027907406691 0.19358559173184034
18.5420591198663 0.5537287724329111 0.19994911543157545
18.56156277301156 0.5580557209369968 0.19550240926080617
18.616888177994483 0.5548568308427868 0.1830221706452914
18.62042106833498 0.5546601379104732 0.19573391638349333
18.57575349121056 0.5582303866524975 0.19236801433725145
18.567828022436792 0.5511669294381558 0.1930449331217601
18.585858854999767 0.5562133045104048 0.18720475753974566
18.631322629647673 0.5548253559276807 0.184839061206628
18.62412943330034 0.5538891246812971 0.18069251849902074
18.622409724532602 0.5545611264586613 0.1823479284927989
18.58467015418555 0.5492051402804857 0.19537505840759303
18.565898834382217 0.5500868214170929 0.19850299569112334
18.548683980150685 0.5536570634347877 0.1952052475760851
18.619396484628183 0.5548052438868835 0.19515763563771454
18.627879536979627 0.5532738671639077 0.19637284301386854
18.611141657529927 0.5560894949347701 0.18844125674293696
18.614432056544036 0.555939211976927 0.19130668692131145
18.578912788838593 0.5502358074653187 0.19319696053010396
18.573076247070357 0.5500205746355173 0.1971682518721754
18.603204144022747 0.5482311250246227 0.19206168284267328
18.606670489464708 0.5569221318021654 0.19159987255241384
18.620527072961615 0.5554592613671847 0.18747953905924047
18.628353073429224 0.5531949891560132 0.19603325652239748
18.57203829008257 0.5587316705727317 0.195523149113205
18.607543615030238 0.555146909211729 0.19938105134221357
18.51864178044402 0.5596320591804301 0.19930177928865467
18.57864613406023 0.5584303338050899 0.19481424097609354
18.627355728430732 0.5528887533602149 0.17926660189020469
18.58274151299779 0.5556418279109437 0.18744150921115585
18.601602836237017 0.5483460776699934 0.19278093382494824
18.608610464167512 0.5559727729637789 0.18776953312973224
18.555556576480537 0.5577072499372001 0.19629427410798175
18.61283429811515 0.5526114099578299 0.1813635201900981
18.604446887643757 0.552350765991583 0.18306270808634614
18.594433911237342 0.557594479631402 0.19323533955101466
18.577133969510676 0.5577572142613084 0.19177251581993165
18.614884912319642 0.555805449511476 0.18962083759071877
18.583420499744864 0.5580809015948803 0.19952655125197402
18.59635626563157 0.5570083704409868 0.18920650411600487
18.589398938315732 0.5571050090613658 0.18946468273865213
18.584357479319916 0.5536736161892696 0.18643326549147735
18.539264272710305 0.5569679016582025 0.19871227597384067
18.577826317597868 0.5506838757822569 0.19275374249312094
18.59970920214014 0.5554424775057015 0.1864351496515585
18.572339578879397 0.5554645978160471 0.189319807364201
18.609965970123266 0.5547866703280097 0.19915970685686105
18.601056312495853 0.5485116078222901 0.19213362531657438
18.608298788847456 0.549847436289747 0.18433637638635156
18.536001295566496 0.5566579218380326 0.19952503397168944
18.56092872851015 0.5516627698732759 0.19525866120198573
18.596897945651758 0.5533049184046537 0.18485010033640412
18.623605291606783 0.5521337727592647 0.19961569777546456
18.542530875023363 0.5568186882425309 0.1980826933853739
18.559848096349505 0.5513548197623731 0.19672795681581426
18.611819683658148 0.5495728868165356 0.1838270989400112
18.579053039661193 0.5495876566452997 0.1992390126530054
18.627142289289363 0.5537783842558804 0.1939490156724325
18.601472417493284 0.5553934293532333 0.186404736056249
18.588007179088095 0.549195549884049 0.1962270021273303
18.606577661760447 0.5567255044068579 0.1917632576914427
18.58959432390842 0.5552529007802898 0.18636680733111421
18.6188152933142 0.5541139599230273 0.19672298691432807
18.549609200730078 0.5520972089324498 0.19893542166376876
18.624222086993758 0.553291522124378 0.1807138100955457
18.588143729495133 0.556911168217708 0.18938813188772027
18.595551340901704 0.557373881386471 0.195196529001922
18.537315986337216 0.556829291809145 0.199523790155744
18.58672616724967 0.5561979836472439 0.18808801828778293
18.610619580415896 0.550607473365884 0.18298734305058403
18.575856610085903 0.5499567704651015 0.1981496102512011
18.578561783092205 0.5583818884824658 0.1979373992213281
18.568802598283174 0.5502813658754409 0.19758674056985936
18.611876319877474 0.5540819333833408 0.1998044639651061
18.600727116020018 0.548876324830095 0.1907781953901597
18.543425633912545 0.5529375618672452 0.19922998874210826
18.553457984741886 0.5557932270456755 0.19599524758336181
18.596248799007803 0.5522598769591659 0.18550158290197616
18.573041517911047 0.5572359099881974 0.19158129822846565
18.572489502827143 0.5580877421766981 0.19382468328692834
18.582559368145116 0.5500427305490801 0.19397377798638624
18.582559368145116 0.5500427305490801 0.19397377798638624
18.610909377309167 0.5497274043994651 0.18429633113756752
18.550251297491542 0.5582687786179183 0.19923962645557466
18.59948304935418 0.5517399019679017 0.18509224128719232
18.60052776071299 0.5567876772874242 0.18985473454519392
18.587922385704243 0.5562642321020506 0.18833321550522406
18.56215268483299 0.5507317359990545 0.19928783555634474
18.600730392203946 0.5486672212409608 0.19395516875846788
18.627279436623958 0.5545892291746615 0.18578934062618158
18.602531248842453 0.5564092267729944 0.1969269025269184
18.63335089855248 0.553698824793564 0.18989268503848464
18.59742579921197 0.5570692952185042 0.19537724580614932
18.56029188860139 0.5515779897802667 0.19670708146399496
18.541663091233666 0.5566676483040733 0.1990094599435551
18.581250369043612 0.5565333301476632 0.18968184020300222
18.595533144176944 0.5569421822893201 0.1977462807688584
18.54539240722596 0.5564547884266031 0.19817421219846199
18.52445910460598 0.5595834654082454 0.19908506373078352
18.594909729761035 0.5566068582140093 0.19999103242995575
18.6022387849938 0.5554662289370935 0.19876469156223567
18.605759532630714 0.5552330279914476 0.19786468771205926
18.555093089229057 0.5554552599335951 0.19360634098407947
18.63155367004524 0.5540016125742897 0.18898874371781754
18.60870828183716 0.5547695481271712 0.18546826471306527
18.632446569863752 0.5536432214776807 0.1820803749339794
18.555327707103856 0.5576171614942707 0.1978568700645794
18.62234058541923 0.5524701684660074 0.18081573460352174
18.59571302413432 0.5498820394208648 0.18964524710976785
18.585478080667876 0.5568757479889582 0.19029995926704615
18.616907299066717 0.5525658857405019 0.18178560702844934
18.603329948070133 0.5560304795738126 0.19054065362513167
18.577978038711375 0.5530439558789673 0.18902564248025505
18.582841831493656 0.5547079475798207 0.18783424420358788
18.55139793470934 0.5568090183958582 0.19746150077831984
18.570478599264604 0.550857671219899 0.19529053117616568
18.545028381678474 0.5530460584128332 0.19909112705862111
18.57226441614601 0.5559077401643729 0.19052527318882503
18.59387367713862 0.5532677197955871 0.18638660855301425
18.572197875183807 0.5576054585960993 0.19312334242743803
18.569799385382623 0.5579977635532828 0.19444807728810587
18.60028569342332 0.5560621421193089 0.19916578556642792
18.616356122611474 0.5551986272925671 0.18896719323940667
18.596204511539874 0.5550243924855232 0.18600054072453925
18.603544556687414 0.5565043351788179 0.19050379686086819
18.588147277717532 0.5552398703228659 0.18744350070508076
18.626660614260757 0.5543300745295971 0.1852921406092234
18.545045580853376 0.5552222936114036 0.19932026026921765
18.55000002511156 0.5531129341894813 0.19728786170220858
18.60414814769183 0.5507020072291432 0.18554860808677162
18.548370716846087 0.5560152134723665 0.19809420989856683
18.572275298297836 0.5551739268444192 0.1902738746395232
18.618809088597573 0.5545786127374073 0.18555761645140165
18.617452601638917 0.5541456641382985 0.19531127168243448
18.549923472530146 0.5525022222363589 0.19898734301982435
18.594435364535478 0.5570824029611262 0.1942238063629023
18.607887546981484 0.5538941499568767 0.18468470553958719
18.58649263463977 0.5530016799102938 0.18831580808397644
18.58377148506626 0.5512391134394613 0.1909933969513352
18.594279205839687 0.5493063168803896 0.19890144129882104
18.561045386591427 0.5575274813822627 0.19836533514622004
18.544267536633267 0.5533639118072653 0.19909383029501093
18.54493320425126 0.5551372957563558 0.19981290760321943
18.568619122091285 0.557108283666054 0.19286355285359172
18.624092979489312 0.5545134149460657 0.18785692660977749
18.606275719212668 0.5493009682525782 0.18829515736569288
18.606771043720133 0.5556937030549278 0.1916823646853861
18.59850511348855 0.5564704924587058 0.1970419729087052
18.598980774075176 0.5562342906366881 0.19812030511931103
18.57487797402797 0.5508680883701295 0.19600869732747472
18.62466165526321 0.554169084983696 0.18488063411285616
18.63481757765999 0.5536768552375324 0.18501171605486902
18.595049830836913 0.5562258862668353 0.18889624718676706
18.585234903524942 0.5575002757704158 0.19498245911596854
18.564568429191315 0.5565085796755195 0.19280111163308025
18.566778385976775 0.5546767671384405 0.19159960734685996
18.6290284247534 0.5537304095943923 0.19020549132803716
18.575436116069376 0.5557114438008305 0.19031471940602607
18.566531017246145 0.5549048757067925 0.19170340462990587
18.601834263473968 0.5561176820957676 0.1968977769662239
18.555572410716334 0.5575154906390913 0.19916762616409428
18.578237077426575 0.553368339959872 0.18932548051926001
18.559625537262104 0.5564298666119774 0.1936797765883295
18.55940958690087 0.5515798836629774 0.19860568180821336
18.593608885599856 0.5541940980803873 0.18740523669022416
18.606307012905187 0.5488821326328941 0.19583585356960587
18.60561443140884 0.5544997557092561 0.1990849100952894
18.57728243610199 0.5530609092878417 0.18976698754771257
18.594721841035835 0.5566727752414483 0.19105714575881472
18.62799790917252 0.5531200101934785 0.19278637896493173
18.614565882254368 0.5531993528500024 0.18346628277629143
18.613070127903985 0.5516549225750527 0.18318401840802856
18.621621177217424 0.551163793610983 0.18151135229644008
18.58466501485283 0.5499658221108906 0.19713787536866145
18.547529755177315 0.5533626905463767 0.19832169944320716
18.57000984655852 0.5580672440078345 0.19631958373460673
18.603845477266542 0.5492804077820528 0.1991982101546712
18.60276162284046 0.5490728519374709 0.19580557113650218
18.550943808749683 0.5554022708173165 0.19843818365709037
18.557473062269768 0.5552323995202061 0.19388741422359576
18.621008938427863 0.5545536945585012 0.18842072702227394
18.59512920786367 0.5494524667262295 0.19490972832616305
18.615941271326463 0.5503040293114685 0.18354184348580974
18.577114290920882 0.5556908000058712 0.19024592362947398
18.590837885276144 0.5560225304171558 0.18900719889605738
18.578575531682308 0.5577915736404115 0.19691704782656472
18.6032863421905 0.5524810225965517 0.18523806034875295
18.60773092626771 0.5553815766682547 0.18994651240782243
18.57149114355953 0.5574204505663396 0.1937585079924609
18.619221420839317 0.5534670055108141 0.19558938882859064
18.61767282708902 0.5522049799564556 0.19898919845727783
18.62581426069657 0.5525487330850117 0.19498547220860626
18.58832692001936 0.5571639095212195 0.19427892119927276
18.581992044404004 0.551755446059031 0.19130611484242138
18.571920424863958 0.5568982445344209 0.1926626829957158
18.563028047508382 0.5538075472364539 0.19319707699470864
18.590202206394306 0.550788343708303 0.19064558131839268
18.61421312637994 0.5527489121837481 0.19929570065828092
18.606343276282395 0.5498017712366197 0.18757013819859628
18.586501720738763 0.5525109336629657 0.1892321461161453
18.629344846701745 0.5532435439486652 0.1910099521754395
18.615180987555412 0.5537005525581749 0.18448990443567984
18.56924583248572 0.558232277436359 0.19903174661005568
18.58723122040411 0.5572318948829464 0.19587649939476331
18.560582465618076 0.5547105348494913 0.19343966770028764
18.605741736582633 0.5551897828916341 0.19527637633995146
18.628691262558576 0.5529431203454815 0.18216695210440328
18.62292135657092 0.55127520555914 0.18159672577760266
18.623192418098697 0.5541071535070343 0.19044095169231687
18.5854374842159 0.5566538419535927 0.19126893119001354
18.600637667976113 0.5542635291417545 0.18690618635510947
18.57713766235484 0.5505582639751806 0.19868653843114437
18.629610338042305 0.5531079926910807 0.18258198122072297
18.591351195705045 0.5568654363946681 0.19316316842635636
18.56974295116123 0.5515342481349295 0.19494188635985782
18.61529313884231 0.5539164633286517 0.19547978644292824
18.55457798034126 0.5566171098741198 0.19848846965877162
18.618520349019104 0.551017104080407 0.1991499213664909
18.63332229788113 0.5530810504272226 0.18268240429620952
18.61753694677354 0.5535731219916478 0.18423044428132054
18.631509170196782 0.5532540783494873 0.18319584729293645
18.603587294607642 0.5506180637891582 0.18694557133095024
18.58105696910474 0.551081783186712 0.1936687685509464
18.60554481383222 0.5518741421910273 0.18522500385676335
18.561231137068532 0.5524913744915992 0.19579201879654298
18.608609516041426 0.5547669189609074 0.18759958657196393
18.607059711826953 0.5545196002297706 0.18691450505669363
18.61812753831799 0.5514905282370358 0.18268088640970806
18.549593288250588 0.5565402927387885 0.19952520878993066
18.62232641973312 0.552867529036037 0.1951666384445462
18.612897727056335 0.5547229718997686 0.1930562020720394
18.63350562491999 0.5530823475885724 0.1888129640752013
18.626000972395587 0.5534229876711978 0.19158185288803067
18.561938251453313 0.553288118468597 0.19428184843628785
18.616982744177978 0.550405907889451 0.18368381661433386
18.582701755108157 0.550586296464151 0.19520118272688655
18.603963807636937 0.5535765119865466 0.18597404780467863
18.577492743319016 0.5531011644787267 0.19022875472466802
18.618595615066084 0.5511785534368187 0.1828059484050336
18.580016147095208 0.5505778933941817 0.19705949646249768
18.621729608415805 0.5522929327741716 0.1824539251765713
18.577828531792655 0.5510079548543702 0.19581931855574097
18.581969723663622 0.553099912167519 0.18918574291972165
18.60194502970273 0.5517000017368465 0.18640689704787278
18.595475739010038 0.5507047912577745 0.18970305114983993
18.606515679358413 0.5543645611808222 0.1975956981724511
18.567323100187835 0.5565312754105257 0.19324639516277922
18.612855804647214 0.5530588622817239 0.1844323015962829
18.614852444446036 0.5534443871905913 0.19653279481404773
18.61006147529246 0.5543078066364047 0.19601075124017617
18.60942004976458 0.5530501818603788 0.18495263245493246
18.55870739014724 0.5544738869982329 0.19435072567900946
18.609712396886646 0.5503818526547665 0.18594393992052305
18.622410031893914 0.552192064052766 0.196094203432121
18.62008137817398 0.5518655078424617 0.19746250213445557
18.590044145138478 0.5500080555042827 0.1974261300974693
18.58374755984016 0.5570684518118608 0.19938591407667097
18.589549660580705 0.5536325442945457 0.18879387661887542
18.591201916243758 0.5499754858640442 0.1984842159006816
18.588174266914823 0.5551142095721615 0.18866044665415654
18.617934997704385 0.5511459996166584 0.18323857315789915
18.61481104012705 0.5541921838308971 0.18661534433021779
18.57745390287934 0.5522673956148897 0.1913034923259701
18.583965537321994 0.5547971423517005 0.18907943291447882
18.604502310548742 0.5544925310221329 0.18761491948869996
18.62682898323207 0.552196123283214 0.19398428962831596
18.550026569503487 0.5537248726540027 0.19778409395828395
18.590530249672916 0.5500419181133798 0.1961056212555583
18.57356689703337 0.5537300210105682 0.19114163222880087
18.56851773558912 0.5573161211869919 0.19483204048016156
18.61602958970082 0.5509818325453076 0.18381361518482503
18.60532019270562 0.5504801720694974 0.1872825658294011
18.576852100910383 0.555225979387447 0.19065539063289685
18.598066509313647 0.5496785928343766 0.19640607595944296
18.611518722793893 0.5536181004590284 0.19712750588046007
18.57763287593164 0.5521282565685091 0.1915173479536102
18.552927068428097 0.5540508505209444 0.19645829597556094
18.57420140734119 0.5577297375470257 0.19844892622298183
18.617333055105732 0.5522807621384989 0.197611273290567
18.580410401203537 0.5511875896660504 0.1945437396669577
18.58261846005034 0.5531104259295176 0.18928560637458236
18.57317225059658 0.5515858239932414 0.19425773437472277
18.563814355873717 0.5514358348592164 0.19904916954109528
18.58719110429159 0.5554698068847277 0.18938643330650912
18.595734076660772 0.5560289687286705 0.19017499816143993
18.582791988638423 0.5504501606862837 0.19938121066979603
18.54827521984132 0.5531352999837318 0.19992465316906596
18.56127564975398 0.5536780447756269 0.1944791594786887
18.589709686967524 0.556664227644078 0.1930889873600634
18.60697364433798 0.5539390721593469 0.19815577864927186
18.592333523286875 0.5534356696236805 0.18840764268466545
18.56558281275662 0.5577433328124517 0.19663654517742912
18.550309605165495 0.5536470016420094 0.19801229990966027
18.616486841306465 0.5506976236488066 0.18408279653089107
18.595930132709938 0.5531046110252353 0.18766990434588188
18.572521133288248 0.5577782700846963 0.1991017246558736
18.58913435767037 0.5510176754811443 0.1916863422968383
18.624087266104304 0.5521581569732965 0.18252040656300275
18.609330798128713 0.5520039721418158 0.18502563163350733
18.61183336648586 0.5529442496797605 0.19843553025273497
18.605517182055788 0.5507672296581261 0.18693191484647212
18.595666714854797 0.5505683379695598 0.19061550648776535
18.605697770424086 0.551464808678931 0.18610738629052023
18.596973292661964 0.5563171663443705 0.19504379614402298
18.6175881526818 0.5521850427508014 0.19744044252433177
18.62799134116391 0.552759215236643 0.19163265947370292
18.609314799351907 0.5545836371488296 0.18825785612792423
18.62652725199027 0.5528229899673378 0.1921277786891713
18.62335298877877 0.5532861777885923 0.19220789373856167
18.57983489495306 0.557317172771122 0.19653441419957088
18.63133272731048 0.5528205748396434 0.18317976528413216
18.569550854969098 0.5576258411953411 0.1965031447122452
18.596731209348942 0.5559307251790295 0.19006841776337016
18.60956174989365 0.5543786639704466 0.19511103467170376
18.604178335663697 0.5494775534442007 0.19464980891819694
18.596333571170486 0.5551143311677863 0.18794389015925553
18.587108290074863 0.5505942403226635 0.19427581888520554
18.58416836969567 0.5543288393113847 0.1890430760881931
18.6278352567707 0.5535060670441998 0.18642825489758608
18.605447574168974 0.550363040442081 0.1878304553331252
18.60681820997565 0.5511571118924621 0.186197053834049
18.612240692489227 0.5539742679509042 0.18653570310708018
18.562043361246594 0.555262733962794 0.1938026739416307
18.58041002420768 0.553728927150178 0.18980835131741433
18.60092779679183 0.5543333910946981 0.1992779521867497
18.61994948205114 0.5533440445955334 0.1848087736520357
18.60301739896258 0.5537235199045164 0.1869797962515892
18.60614133876547 0.549423952779668 0.192337412811379
18.577427265845447 0.5533592797832583 0.19066223341180016
18.604200417838122 0.5495160902743597 0.19409766488718003
18.55628358697462 0.5538514978739272 0.19600218556908386
18.588130899689773 0.5525673901863695 0.1898153540562086
18.60729318692203 0.550707920664916 0.18679719375967055
18.565637926256958 0.5558941032553155 0.19346836346144677
18.61505768711389 0.552003374459823 0.1841975412317935
18.573039192855738 0.5509806988532131 0.1971668448246392
18.623135196146432 0.5537481252619032 0.1892706868714388
18.57016505237709 0.5532859649318972 0.1926749795409561
18.626138276275956 0.5523068016957484 0.19316997565749308
18.599271152803517 0.5517543578533546 0.18776230205632832
18.61168256389205 0.551679905523456 0.19951408135367824
18.59504806111824 0.5562863632720673 0.1928067511698049
18.601963092189287 0.5545523721250624 0.1977229538586279
18.567643099645853 0.5517631868086315 0.19656515380455236
18.567616792793153 0.5528684504001797 0.19394935961431992
18.594590049262436 0.5554231908477952 0.1889794954656652
18.59130718729157 0.5502010220826088 0.1970982860991037
18.601827131541874 0.54984311611931 0.19741341841103244
18.613544588134964 0.5528364190108106 0.18492691881163179
18.59155752915609 0.5537044441142083 0.1890200879654852
18.630232957624877 0.5527876091286402 0.18359758522403385
18.608609976094858 0.5515204609333899 0.18574885753416734
18.61853911974951 0.5540530134610318 0.1883697504644024
18.5952012049584 0.5560738823040081 0.1973626261583832
18.630876419236063 0.552989163324291 0.1883169257267195
18.612630715894923 0.5542171454668899 0.18788487585058125
18.592951828413838 0.5504983541879521 0.19274477549187832
18.585628625591433 0.5562775164223278 0.191779742851212
18.593891931871735 0.5502907151776515 0.19987878145949567
18.573267699586438 0.557266413162491 0.1956098985520762
18.573760019822387 0.5571753014484593 0.19518137418115125
18.607949731201863 0.5547206766556839 0.19331908797893263
18.60773920686163 0.5544215709747455 0.19509278255957666
18.578125201420566 0.5573116124962454 0.19807736555713873
18.619597806387137 0.5534840879333475 0.1856505801045998
18.592222316447273 0.5507202732155987 0.19226116556053863
18.591076172907556 0.5520397937910703 0.1897694083878304
18.61196934061401 0.5510814027367005 0.19918359826440113
18.63203069031668 0.5529909397348464 0.1857161060806146
18.61508553448087 0.5515273364176716 0.18443873746942493
18.57059386213942 0.5524294973089219 0.19389054761879007
18.61967735176913 0.5530947132306357 0.19368066598442113
18.553772703105214 0.5542624771699224 0.19659777574895948
18.62320356278355 0.5532717942892038 0.18524004381706502
18.551399549236503 0.553821020079444 0.1979617190393431
18.600848228308646 0.549825884723739 0.1939055152941687
18.581992222150436 0.550875640359307 0.19694967032142313
18.615449716400605 0.5508491485069886 0.18486120042972717
18.596097035127343 0.5544713001691859 0.18932830882837196
18.608887692871626 0.549468040815366 0.1924700140204895
18.598210436368205 0.5514386371353331 0.18872392886701456
18.59863470765588 0.553506051875326 0.1879242153204552
18.557216608059765 0.5560855460282933 0.19546724003336147
18.558915356940048 0.5547877482099076 0.19496810150567873
18.619031058523284 0.552511877674865 0.18423731698791074
18.608852518535805 0.5545618116188153 0.19311810854985756
18.60680868683517 0.5534897944184023 0.18683285520180262
18.60486295023017 0.5503591155717209 0.1888343375680756
18.59676245060479 0.5553510822727421 0.18905230862107822
18.61023089518018 0.5511330903662501 0.1993899660679139
18.584418691092456 0.5565293553201154 0.1931592017700553
18.613941786777968 0.5512002488575659 0.19830153183495525
18.568584671878178 0.5537034946117991 0.19309786556451536
18.59194787374125 0.5503260424567906 0.19711794496826912
18.60520780738801 0.5506233486565788 0.19983020695110262
18.61943224431835 0.552172488585534 0.1955438633843221
18.558813806895042 0.5534152463313563 0.1963258206611946
18.62226912884706 0.5517658111734893 0.194946817064757
18.606654608281758 0.5499349012282181 0.18981603690899115
18.591915873531903 0.5504648870491761 0.1994861118857758
18.593153373623903 0.5504798522194602 0.19991347369960444
18.60807354037843 0.5499218761560708 0.18930233052002024
18.578352158299406 0.551087280362811 0.19896557486372274
18.59851143817257 0.5558750817779666 0.19169565260710295
18.57053418980526 0.5546562605152696 0.19242325876492344
18.596346991176674 0.5503588418489482 0.19262880318627745
18.567129519169523 0.5567137011584264 0.19470489867889715
18.615089668766412 0.5517265804929893 0.19756120760516171
18.573453560197684 0.5571519906662574 0.19582921131084366
18.5792391512615 0.5520409095145759 0.19208044409436856
18.58855157434953 0.5522224621688374 0.19065679426147975
18.60919693258323 0.5495710041034084 0.1914338420620033
18.61994836157625 0.5537106745007918 0.18778117982998088
18.606100013334682 0.5506503681793379 0.1879907254461446
18.609888371091397 0.5533459709740394 0.19685526873540213
18.623945810319015 0.553451553806006 0.18759890355630807
18.59666129413716 0.5501475759370377 0.19548694402683342
18.583770603982 0.550798282016996 0.19827092559755372
18.627402221860006 0.5531695947001435 0.18685594435226385
18.606912348369757 0.5497099394246145 0.1939656877537984
18.598400329947825 0.5508581724042543 0.19013162308782183
18.611439037398746 0.5533356276293608 0.1863944088874182
18.628259939604995 0.5522259324675284 0.19132977238729926
18.594178439155012 0.5536686902612832 0.1890902251020453
18.563165856473848 0.5517899214133646 0.19950185404358622
18.580322479336118 0.5512500684703093 0.19632229604309637
18.603803509963235 0.5505420327367518 0.19929719122040332
18.617889962639413 0.5532584907670133 0.18590083309743172
18.561882423824766 0.5545643652127608 0.19457296757074738
18.61739103985342 0.5504895040333022 0.19630249592565455
18.59549587212753 0.5555177226199396 0.18998082619386286
18.574862823417963 0.5529588825051315 0.19228214166287583
18.57073173510132 0.5534887537148921 0.19294262240847773
18.55226428249262 0.5541349879847515 0.19768152269647551
18.5948105982771 0.553433124258031 0.18899217358630907
18.59870188019866 0.5513083849846891 0.18930009384760144
18.607362120045927 0.5531175284539198 0.1981080100856267
18.610245584641945 0.5525509977138092 0.18602292050946934
18.60897761099302 0.5520271890634681 0.1989987663709934
18.602129787571208 0.5503075159363445 0.19804250475859278
18.605541177487364 0.5508772789807099 0.18803821690824304
18.60862979773835 0.5497501135593497 0.19099412204879987
18.61923663892541 0.5530352821097458 0.18556385288134722
18.58370790344735 0.5521434778508357 0.19254966645990085
18.624759533216615 0.5524569167692045 0.19199094208588866
18.63072244978013 0.5527061400119552 0.18531023271482433
18.623080597298326 0.5522688144516728 0.19314212610937634
18.583857007736054 0.5567299784042634 0.19770207454059463
18.628566023593965 0.5527142213923144 0.18485305311036485
18.603404926750798 0.5502979154670513 0.19043441929473204
18.61424361324664 0.5534576188760283 0.1867671648333677
18.61426289552091 0.551823579150575 0.19719662644249664
18.604604825394308 0.5508057527440068 0.1885528794120916
18.61657068348662 0.5527311927890516 0.19490407711960342
18.58213588141219 0.5561333909965693 0.192497618481742
18.567490448931668 0.557038844438436 0.19597533653346147
18.604730536798748 0.549925218653933 0.19231012245126095
18.576007249399186 0.5516336108257127 0.19460165290768147
18.61095043926814 0.5524996766089384 0.1975751607628758
18.602879287278988 0.5542615980789709 0.18920675237131168
18.60183234882424 0.5501177350819724 0.195846684247798
18.60498543212685 0.5532011355802554 0.1987524595436911
18.592355413562192 0.5548627601591374 0.18908271866546933
18.6130007411116 0.5519042575966254 0.19742538859429348
18.598726751572034 0.5548451259809501 0.19616376124441348
18.605576611385654 0.5523075312254583 0.18701833522362343
18.612184680129545 0.5507536415602672 0.19736855356752123
18.568794181545954 0.5513661187927209 0.1997445366208886
18.61003076779789 0.5498057256509357 0.19348238566028259
18.56644282411903 0.5574527913809936 0.1982553970048753
18.60209702136832 0.5520373173471115 0.18794338894451446
18.59820000264069 0.5541244410063083 0.1894747878040028
18.623909938600107 0.5523194607583418 0.19227405514191898
18.62484830120061 0.5531282113388534 0.1882614997813805
18.558451658133244 0.5564177049451899 0.19613203071519145
18.56345259226674 0.5542678956918203 0.1946260358097335
18.60118990884793 0.5527001218380652 0.18801692544859225
18.599532413902516 0.5549476076335959 0.19334595354583944
18.551548202890107 0.5537338506853686 0.1990008959899211
18.579436074259224 0.5568546507991109 0.19657753073887715
18.582805014350875 0.5538418537575124 0.1902276310373255
18.602609964145618 0.5528157972849795 0.18780282332567397
18.611660769719766 0.5521849069197668 0.19734154118351824
18.56631250547354 0.5542207904591114 0.1939684096243873
18.58808112301138 0.5508279735936242 0.1986924657179795
18.619364139713042 0.5533739772660289 0.19093230496108074
18.60744411322209 0.5515239551835933 0.19897350546389483
18.61598385091944 0.5528001383936672 0.19450236997958611
18.591802821557735 0.5555965051763985 0.19967133294589293
18.570997898089004 0.5529848952481361 0.19378369146138086
18.602883043693993 0.5527816291214532 0.18779549496740985
18.606356671310706 0.5540650857927024 0.1890687740479838
18.587403365391474 0.5562963698626783 0.19811048284636584
18.567743337012804 0.5530814527857051 0.1946816314296142
18.624937474126057 0.5530315843955274 0.18860998429506928
18.613232403744213 0.5531904903936201 0.18678684447550722
18.587033734093797 0.550951211645929 0.1961354339913583
18.567014160943323 0.5574837397521097 0.19920083689252052
18.591701790253364 0.5557673319504579 0.19877438131930883
18.57588827049421 0.5568133644183079 0.19574395359194569
18.581794012849972 0.5526110188517568 0.19114713610379352
18.573850736327596 0.5539879636327614 0.19230663153571012
18.597959850840084 0.5531198983135194 0.18881281208434916
18.55193344867537 0.5550640864853125 0.19739732117866543
18.592099465295828 0.5560959974003385 0.19437969738251226
18.58569936815213 0.5509908751905398 0.19869888425870816
18.574064225981385 0.5544459493583892 0.19223154418726857
18.605782673892055 0.5540201111124513 0.1890708998986359
18.612636183455713 0.5522859615283573 0.18604935475403042
18.582486880354633 0.5511730872552902 0.1986033551645765
18.594570726746976 0.5506066265090475 0.1971607930535175
18.566031733126216 0.5534799142738575 0.19476373812557218
18.580509890469628 0.5555320123201891 0.19189675079533197
18.570321343092555 0.5563484846138288 0.19450642405480867
18.604561747606994 0.5543964220085443 0.19071513440553087
18.6182913453262 0.5517366023404969 0.1950265799745348
18.597575591309237 0.5537483130590467 0.19982632183392926
18.568762746816294 0.5528869500836829 0.1947916999810419
18.62273832881479 0.5521053226903643 0.19274124277060875
18.60083815222368 0.5536148418657417 0.19872314291727125
18.6111132514582 0.5505656386761175 0.18776623098794443
18.60438986463258 0.5529959871990195 0.19855648466884948
18.60451645745128 0.5501865613507015 0.1944013426226109
18.570167921985778 0.5527742531172799 0.1946257735462377
18.590685633405364 0.5507923857659511 0.19703189326699844
18.591457131238105 0.5524384835019098 0.19061791929823244
18.59470631548665 0.5509695298166132 0.19966024192998963
18.58384268972658 0.5559074813148343 0.1925212834568824
18.60188577288916 0.5540585430176329 0.1896037329628708
18.614521993456847 0.5503454830095648 0.18730843359207577
18.614552142616528 0.5499904954107394 0.19345642781841327
18.619785462983543 0.5533309998965595 0.18869513230344
18.620897454333885 0.5529841315200955 0.18658174877512604
18.582642480275346 0.5512598379055283 0.1979092562082314
18.585716227432254 0.5511209435092785 0.1995481470866364
18.622763053707672 0.5529850835456929 0.189753338686167
18.603428152125897 0.5519748120854334 0.19961847995834053
18.56870161121128 0.5572772622640113 0.1986042176223707
18.560837375176853 0.5526246280402478 0.19859064105526927
18.610674649655177 0.5533272638742236 0.19488040635963433
18.620519689393902 0.552210779947033 0.19317318007353076
18.582142319961072 0.5523930910080329 0.19351417528872092
18.60836705332675 0.553182713815787 0.1876622209441692
18.60617689702154 0.5501848789850997 0.19156113393317178
18.56193372938326 0.5523904245394347 0.19897954575612534
18.599450667849737 0.5506555482338154 0.19739674407094793
18.603835898050146 0.5509913542561938 0.18936974166207815
18.577854547148924 0.5567856491508566 0.1969504442607646
18.55242906953937 0.5541916321517478 0.1983971296973062
18.565510478841755 0.5553320462660288 0.19449109931903327
18.60623704289025 0.5524654756350481 0.1981741505372531
18.604599221770595 0.5527247748532773 0.19842020790272208
18.59890790993433 0.5538735410506493 0.19841977425943763
18.565047860001123 0.5536175510869765 0.19520087858808283
18.60083653677356 0.5536932887077903 0.18926844403458792
18.60968879643872 0.5521818158040703 0.19718503037344348
18.577489918807238 0.5568329254431403 0.1987144153613062
18.568902044956914 0.553785370724643 0.19396892973647592
18.613607014920948 0.5510824848553737 0.1960113334405497
18.60840262685294 0.5503610908865282 0.18980653558483654
18.58639964070035 0.551257813743635 0.195638038392571
18.595094304559627 0.5525075001840923 0.1899390366218673
18.598372493896555 0.5543522635049188 0.19095405623629624
18.606693627174298 0.5541205821447678 0.19345687894636154
18.616943400607735 0.5518080253231225 0.19478288940432467
18.61385114458845 0.5499029449236774 0.19053985232015364
18.614716930411607 0.5517036367576167 0.19563042315361892
18.61967668579274 0.5525803800271175 0.1860315135328347
18.62172377546786 0.5524077972695829 0.18561573727008576
18.565464666003248 0.5522474815743591 0.19813426873021148
18.585471790675786 0.5563433273816497 0.19605256552201958
18.585120818543473 0.5562276899350345 0.19458174795486544
18.607922981658536 0.5512769674119857 0.18792673958498313
18.58613568507948 0.5562325453093399 0.1979620905851281
18.614425817773107 0.5515708349514967 0.18621278206740147
18.617877413637327 0.5517923339431489 0.18557295406010993
18.547722633365648 0.5545917123524609 0.19956358678116062
18.59595797633325 0.5509590176471296 0.1985562427958944
18.573531910200032 0.5522250441610935 0.19497016985836396
18.624421079660223 0.5517709025485552 0.19181298784178527
18.61023107838348 0.5538846186323081 0.19094060836579638
18.58067485092394 0.5566028732580096 0.1981411181363267
18.61441857869275 0.5515881054891855 0.1862618088730454
18.60164756067057 0.5513353381172061 0.18969564245032383
18.612642402760706 0.5507997652961651 0.19558595085034614
18.563281528374763 0.5525424701956219 0.19820955904184054
18.565766198791117 0.5550806135050899 0.19452545369430596
18.605666854704644 0.5541822944916198 0.1913653644490038
18.58366348654462 0.5513428702963371 0.1986708775839273
18.58237874279085 0.5540775891355432 0.19086639843251918
18.60462965966794 0.5542402082201495 0.191497705710285
18.604090067886396 0.5543156348832223 0.19321302879987565
18.623884332661458 0.5525911339203984 0.1899635132709511
18.601149977618878 0.554497713414087 0.19406467775636496
18.55848921840894 0.5554297792886399 0.19621751729131848
18.614802750966806 0.5533294945941547 0.19211994768299076
18.611777925825347 0.5508565881054421 0.19581517323468833
18.60122239103109 0.551527461305408 0.19929872234632065
18.585693523327773 0.5513719039329172 0.19577796792620547
18.574552374383117 0.555537095096389 0.1932425102494306
18.56276670141089 0.5559819044245204 0.19564999545506878
18.5851228541572 0.5559225887696652 0.1931748624642294
18.572916328193305 0.5545875029203557 0.1929555772205991
18.61232216121165 0.5502406392022615 0.19356341386841688
18.59984622129959 0.5505687001341368 0.194004200849814
18.584455078202016 0.5562193913499882 0.1988586818771961
18.571563663176384 0.5559861429413738 0.19432658541906794
18.572636859138136 0.5543307289722343 0.19302040954060462
18.58745469474202 0.5512114822172322 0.196120408599207
18.571885820533698 0.5517433269315799 0.19738150898607834
18.58745299970255 0.5521969928853628 0.1926370414142171
18.60737354743513 0.5515316514853178 0.19758272175974576
18.61956001541135 0.5509689304502918 0.18567840468508362
18.61491682867029 0.5527970342450872 0.19363401682001116
18.602365578881837 0.5505004762844609 0.192805898170906
18.61279989453161 0.5535830618558444 0.1897380210751867
18.550740719308713 0.5541780160944149 0.19935240341027524
18.596625796936237 0.5515524975790036 0.19103142817642482
18.570797471248643 0.5545693826901053 0.19345800448117367
18.60041880480302 0.5517296189786052 0.18961627740885076
18.570908667266405 0.5570563902094253 0.19855314606082627
18.598484176287453 0.5506638513823928 0.19424957671061358
18.561424996417152 0.5543456889170262 0.19584016464649817
18.567396138599367 0.5528830443371265 0.19593250407497745
18.59029617042204 0.5559720425508564 0.19625233194145497
18.623863373476215 0.552337084130346 0.18586972344922786
18.62026701729318 0.5513483835471471 0.18544514540968532
18.579560910962247 0.5565994114594528 0.19841117312404521
18.598537238136675 0.5536640245871074 0.19848128473328427
18.574785162161778 0.5515536795432561 0.19696377502579984
18.620468559107238 0.552911635457203 0.18779458485735206
18.6023295098196 0.5543221338960674 0.19214485657810798
18.60456677061529 0.5515384745716304 0.19815671983516722
18.611597984240923 0.5514759514886938 0.19613365764287494
18.61317623017006 0.5535445222559174 0.19111912238754972
18.58968417256506 0.5512549517959807 0.1993394297354536
18.586736438319136 0.5523911244126336 0.19271966140285604
18.583829714969628 0.5554146855472202 0.19206034280485573
18.59720559323044 0.5538967443664133 0.19831617572689822
18.563236489592335 0.5571599144650925 0.1985931145083551
18.586188722187178 0.5559375258636361 0.19924482340572838
18.594768428420437 0.5554496215344912 0.1919656701066688
18.618885872485123 0.5508319283046478 0.19343916528445865
18.605168449879436 0.5536683242775121 0.18953777373339517
18.598569717867036 0.5507214811428494 0.19458506300650874
18.57306952847369 0.5547135231189629 0.19311446352545308
18.58794614463995 0.552739800008939 0.19203276399846197
18.582666256388233 0.5524693619794234 0.1939671178203834
18.583286713731425 0.5561979639625597 0.19921896796831987
18.548673720582464 0.554490170575097 0.19974873794283865
18.584552746503196 0.5560183081688814 0.19959599746702647
18.57293144523847 0.5569303485579953 0.19932063713242498
18.597705700278112 0.5510595688383808 0.19777769247784133
18.602106477121115 0.5519783072855644 0.18918317704350995
18.618394712851632 0.5524027310596368 0.19253363860661196
18.609507641852332 0.55118664445333 0.18819005337740172
18.596295370219412 0.5554778505609985 0.19282952338081835
18.583617744319625 0.5549002397799438 0.19144427059146607
18.602690954474415 0.5524995477595397 0.1889051137205725
18.596637462465104 0.5531830560084262 0.1997973183741626
18.55865331070322 0.5531791518936929 0.19878830032459327
18.589238244856233 0.5559146557617474 0.19455551534820334
18.625339812013237 0.5523025030140863 0.1865104944059372
18.58332109465565 0.5563172430686659 0.19735448614228282
18.618713511230386 0.5527635730696391 0.19126654609075747
18.602050277033474 0.5541543120784715 0.19466249539682476
18.605543440752683 0.5537237454387414 0.1899965078757309
18.565250093993495 0.5529526674494093 0.19686034089782276
18.589720754618526 0.5520790542956983 0.1926053274508394
18.57146241798044 0.5538965419730422 0.19372574707030818
18.62630264682237 0.5522965779650139 0.1877029730533204
18.565130486043326 0.5566087583190171 0.19685108501859755
18.599252005387676 0.5518629399102022 0.19923120904179414
18.594840032563493 0.5553745241855887 0.1920186166702402
18.595677043590868 0.5510295334692824 0.19395065335705317
18.615816657443215 0.5509045879337893 0.19390152756366735
18.591061980049403 0.5511860382123287 0.19549935718680211
18.574235269276137 0.5566943424607111 0.19735296807001246
18.566512846246052 0.5540058401365127 0.1949918265925188
18.58115408422164 0.5562828464983894 0.19567837492580809
18.577076147608768 0.5566323799635869 0.19798049141038798
18.59932285954561 0.5508060864734581 0.1940098988787132
18.56239853570075 0.5563795960060554 0.1967364415203398
18.622472474022018 0.5516692085440403 0.19165468140506786
18.578339746232697 0.5526602611170374 0.1930664400828487
18.610289279294534 0.5529277766374673 0.1882752084643497
18.58493961506943 0.5561260679401375 0.19562377112560136
18.616070212973096 0.5512371846452542 0.19396363287869112
18.58954676308261 0.555767641489245 0.19760803431657134
18.623971755915438 0.5522616576793691 0.18962255712979695
18.6025254671429 0.5521125285069346 0.18932417910070487
18.615263997676117 0.5511683641209407 0.18713817497482285
18.62006943734006 0.5527712553854504 0.18896441791551094
18.61730913292064 0.5509097395225749 0.19323720279315854
18.55762733823224 0.5550074538489533 0.1969310848047531
18.6132349695564 0.5533027560213442 0.19131623712643311
18.582074318523915 0.5563099939624802 0.19792303987185836
18.616677161160727 0.5526441783417448 0.19222360367170313
18.61984960407942 0.5512943254789748 0.19267453578323515
18.62524468910352 0.5521034924830359 0.18647896735791303
18.615184560874397 0.5502480879168744 0.19040751121434407
18.561481978650782 0.5553302823647411 0.196041919241539
18.622719516941846 0.5521504865630438 0.18646360466490897
18.59038927204415 0.5514099992487249 0.19868627550491913
18.5956280409542 0.5545715758813575 0.1948268568244862
18.577251966667404 0.5519454133887228 0.1951422384840976
18.557283913962973 0.5557281589296283 0.19714759940824958
18.606822534977653 0.553745966642585 0.19105031601836228
18.609707553220154 0.5520349453686482 0.1957492208727624
18.586245054468822 0.5522577646677432 0.19376323521883015
18.617466305557453 0.5515723232548513 0.1866103460973694
18.61706689687004 0.551004202342228 0.19320465876116977
18.603052479235853 0.5525991172010132 0.1975699653323557
18.56748236061152 0.5535671314528695 0.19535008031696424
18.556977522367582 0.5553206264784777 0.19717816246740544
18.554044178518684 0.5540439550976595 0.1990604723101741
18.60538068090166 0.5507549209273389 0.19436104271556148
18.600367402761513 0.5530188373624653 0.19808375991619162
18.590816413424193 0.5556906714034077 0.19411265545515044
18.603951719933228 0.5520504210014175 0.19746807285918866
18.561179662774823 0.5537651634329868 0.19713076848098263
18.60999606409717 0.5504988105624086 0.19156501557259245
18.58348530650009 0.5540629750230948 0.19122996677033666
18.594580386049863 0.5532603593458505 0.19970836381213372
18.604790536336356 0.5523218598222914 0.1970505849781314
18.569723901827352 0.5550659173448987 0.19435639792682494
18.57909753446555 0.556204094084708 0.1956231344245731
18.58833783926641 0.5514598184586604 0.19707157325102106
18.602660679282362 0.5518228138846084 0.1976460635980603
18.61685006310006 0.5522569375840575 0.18721439306081059
18.62018093559737 0.551589663903803 0.18637071907097633
18.58402384797739 0.5559722622833034 0.19489057014116665
18.592484035468797 0.5549409658958646 0.1909742193136027
18.582553040949325 0.5561720400657256 0.19622095950601248
18.59767275947585 0.5511219165569428 0.19348378215467324
18.599452846556392 0.5515318694467806 0.19778937627814105
18.550153604169147 0.5547017916987211 0.1995854523515173
18.588421934572644 0.5517633412138019 0.1999105877694989
18.6206533659269 0.552454031349052 0.1880433708328424
18.61355914265758 0.5531285965238264 0.19073983899399366
18.60103567200762 0.5523964090793974 0.19815233635226182
18.56764557020785 0.5520224866099765 0.1999558163139384
18.6137950812311 0.550775079451474 0.18881222228095532
18.583593157846046 0.5560910056333686 0.19618713168908453
18.60289910628829 0.5538240672903768 0.19160531982066836
18.618770501193183 0.552556985415804 0.18831128309894316
18.618115492893317 0.5505414562443163 0.19127928713851444
18.606048650282702 0.553387290319438 0.1944870397115659
18.611003932190755 0.5515113595335385 0.18833086497876203
18.5995234683122 0.5528488901298726 0.19818064597759916
18.614701240910684 0.5506579163411467 0.19224154953829442
18.62051447948117 0.5521601005637364 0.1872735925624302
18.60315822616932 0.5537766358135169 0.19157736130993594
18.56728452160241 0.5545622468555318 0.1949838879476355
18.583432299160226 0.551842366318363 0.1986062663366281
18.595304539062994 0.5542395629600471 0.19627567668504234
18.589624443078847 0.5530781632405901 0.19238145727143388
18.613484380717775 0.5505848650331383 0.19158772868241486
18.600766216154945 0.5533249191421532 0.19050709977841757
18.605905703795973 0.5532728587177285 0.1945135290072279
18.609090051042294 0.5532024050726443 0.19314078203230606
18.61096489099384 0.5507609130740765 0.19021953444943812
18.600353519040585 0.552404391335988 0.19030098117861421
18.59408578301869 0.5552798670004216 0.19271784395014224
18.591218827492796 0.5532118259032355 0.19206519021755672
18.564184315370348 0.5524862640661647 0.19956880022860202
18.59829806596236 0.5528452743716957 0.19836071447462802
18.580554247463603 0.5560504458960085 0.19556381614484752
18.560747687149902 0.5559978057139262 0.19710357378093593
18.593132177429084 0.5540142971807065 0.19260553629388255
18.617531922698664 0.5520503692044235 0.1919744067180004
18.6113667523233 0.5526986410432976 0.18885930872317544
18.61312576861419 0.5506383584323664 0.19147216528075703
18.57571117581709 0.5560981945817519 0.19562544475725088
18.60579720312183 0.5528393933246131 0.1954322519922159
18.60569611252136 0.5528248886669932 0.18957747635178682
18.602402656917125 0.5528338537118214 0.1900707278255414
18.575382222725725 0.556505075790723 0.19912043573542487
18.571677132190143 0.553474039450857 0.19462184817526676
18.58785216047798 0.5556265643248646 0.19821401703524422
18.595887623106893 0.5552912489173122 0.19384618103821497
18.574145372491433 0.554189245043893 0.19357058698041502
18.574145372491433 0.554189245043893 0.19357058698041502
18.59168066664762 0.5538193621904886 0.1925346473481645
18.623802414312948 0.5518961819268293 0.18802270895383139
18.59583323568975 0.5518479679628984 0.19848775147843814
18.582659494357028 0.555545352561739 0.19364854870031242
18.58264390948496 0.5528778921299202 0.19215230510509732
18.615881105933187 0.5506947641586649 0.19116092869532156
18.60341666359325 0.5514463047259092 0.1958878759330685
18.595129388275527 0.5530239782437211 0.1989701290917617
18.562964572176647 0.5546600650230079 0.1962619297379462
18.61253168005812 0.5517596302564967 0.19377371691952697
18.59917000728856 0.5536515295015952 0.1916777822606562
18.622392558576333 0.5519636890165911 0.18873599635554275
18.581611509902157 0.5520941472637271 0.19864457394779866
18.622753102032434 0.5518988552048255 0.1888108177773935
18.590003790823268 0.5518425201997665 0.19876095993905488
18.610442068253374 0.552564944462944 0.1937048733913283
18.622063537281594 0.5512637725963542 0.18715571310377346
18.602114786581335 0.5511154048468672 0.1934605053307551
18.554149518939198 0.5555923418981285 0.19843816131170147
18.561432586743347 0.5542929502656238 0.19696496799865867
18.613542932057165 0.5510607319230337 0.19267463752936467
18.590875804217976 0.5516971593535797 0.1948967804131899
18.555421287809533 0.5552426815989703 0.19814181368141864
18.607698244445086 0.5517832749707976 0.18943218767655004
18.579786563919583 0.5560042112277445 0.19572492904611893
18.59545533061404 0.5521761133592579 0.19202400545396547
18.572912299123367 0.5565656574832005 0.19975586155839964
18.5957459905542 0.5514960576233978 0.19658951507325725
18.6126988548451 0.5512921507001995 0.18893656580062435
18.60059870747453 0.5516650277696139 0.19157058174948882
18.60774537156898 0.5520943823381115 0.1893469941390598
18.59800908793566 0.551463554502057 0.19604622854939707
18.563721879428574 0.5538933134050062 0.196762428366172
18.586789834612176 0.5519101641230699 0.1984192135597009
18.591719145233814 0.5538789864880325 0.19296601575904782
18.595903550305767 0.5533689419228114 0.19791166833372212
18.605547408813155 0.5510966936347289 0.19190281463687445
18.59749089212218 0.5516088583662648 0.19283822456143182
18.591698898340418 0.5540879907058904 0.19771079927552024
18.585438534604013 0.5554223682106203 0.19347126925173566
18.606027578711654 0.5524584877119475 0.19528055829280067
18.596805024171406 0.5534159443845027 0.19738646929623815
18.615741188861822 0.551451845376154 0.19227071857601089
18.560417189148534 0.5530641631513151 0.19965819898162943
18.562800291326358 0.55571800145895 0.1967597560354313
18.562408252117184 0.5541712090256709 0.19692735164474637
18.602677056573203 0.5518203281727178 0.1908449454698378
18.56540237882324 0.5527205434933707 0.19863689772548543
18.593146463766214 0.5516283231004334 0.1946899200436224
18.620194380104444 0.5510510726059088 0.19027291992981943
18.613533949394327 0.5520983518214844 0.19272445784594314
18.621744228178997 0.5517022699813401 0.1883079074089535
18.58838696376726 0.5520807719063525 0.19483025474084123
18.61906403279766 0.5520293955504669 0.18869498779779748
18.603801717017 0.5533252376605635 0.19126036000657656
18.60213828228544 0.5522959972814518 0.1906293867136859
18.572903910712075 0.5559239726191537 0.19577058701679137
18.593257735179996 0.5516034910190958 0.19519204022605366
18.595703039581164 0.5517411529047435 0.1931680996133781
18.566318756239788 0.5555999288728853 0.19607727214883536
18.601375362427593 0.5521575608974539 0.19664148894002978
18.60625098774564 0.5526038012381649 0.19480579378194204
18.595011895319807 0.5535589649216418 0.19755718825865132
18.589198892406053 0.5526150173174551 0.19353436074014022
18.586096626030063 0.5520394903763983 0.19849402152547654
18.60111794241163 0.5536449457502332 0.19252436097216255
18.560338265700327 0.5563898066847479 0.19831532865490833
18.596926702515635 0.5539983991087853 0.19440858475655065
18.561129339484047 0.5542375354492358 0.19735102184921033
18.588557051993785 0.5555658222776024 0.19493336396529232
18.56589089256524 0.5547400622378754 0.1958118590785632
18.58244742458575 0.5537866705902853 0.1920615852884812
18.60612083140521 0.5520000710691704 0.19508110374681095
18.6016024534211 0.5524184313930215 0.19641780193280067
18.610986265999415 0.5525585268655261 0.19272589082109842
18.573393970218582 0.5531784112944679 0.1949067238712873
18.606884221637 0.5511666513340778 0.19262516961998988
18.618019219870774 0.5511624078657836 0.19051597259663314
18.594121217815722 0.5518668095944154 0.19744439497673566
18.592301171509806 0.553708911469185 0.19801426978778483
18.593087371932654 0.5517028466112295 0.19622589197432777
18.589320020010938 0.5523607042298674 0.19942702567430048
18.582062233232197 0.5523512472748636 0.19722862117294032
18.6129079109902 0.5525689341652247 0.191151071783495
18.60342820580601 0.5533011277410378 0.19165187962414987
18.577037855148372 0.5551672062316296 0.193988363563098
18.589235618121847 0.5542683205384213 0.19110805387134502
18.591604543909487 0.5529717523166939 0.19287559536055515
18.591563237897777 0.5517858143574976 0.1956658345871124
18.583828982126334 0.5558372610821283 0.19650160610918097
18.58221573714148 0.5556938442285252 0.1950367394960675
18.616448788292963 0.5517809591767602 0.19121602801496326
18.602714704828067 0.5521224038828291 0.1909468584639507
18.560152594836072 0.553270004259215 0.19950790416362046
18.580798687018227 0.5551747101067688 0.19354199382794027
18.562691619558585 0.5565980622300969 0.1988846050222859
18.6118336840488 0.5516922421202249 0.19290401096363455
18.612780897483994 0.552351277262395 0.18977893916585092
18.611054881219392 0.5513142374663053 0.1903238083820706
18.607472849671016 0.5516132547455939 0.19052882304397525
18.595133694897857 0.5517236375506137 0.19623024498005495
18.589467821692264 0.5549517295890555 0.199576887826691
18.600890349580407 0.5515472404682911 0.1946971292830458
18.579363167146898 0.5540514602680854 0.1929123588673626
18.594494869978977 0.5517040925657088 0.19516781766950794
18.59776305142817 0.5516729917599745 0.1953367732420568
18.590460802288806 0.5519220792878378 0.19663186520618628
18.61119734666443 0.5513205852979256 0.1905572727129481
18.578014335111856 0.5550661384120543 0.19384633347859723
18.594717329996335 0.5532763245770836 0.19761684185328676
18.58599483342259 0.5538163784079544 0.1915233322109849
18.613561207351474 0.5519185373175234 0.18947327255924074
18.580359084590462 0.5548493834234385 0.19323687018608765
18.61654979039636 0.5518364652812625 0.19004569008775365
18.58445482731505 0.5555013211681261 0.19940083937714836
18.616110301567716 0.5515438695926007 0.18960296424480466
18.587917472480793 0.5521986381454089 0.19821633871554084
18.601076733235686 0.5524273687596472 0.19616359323746246
18.592162316153725 0.5519025726184739 0.1964687780491457
18.571288264996987 0.5526600421705343 0.1969421624706213
18.608795560814354 0.5527531118830716 0.19181523272050283
18.573701941313058 0.553019303481093 0.19536332293966147
18.577029854717157 0.556151418824708 0.19861973629207272
18.60941048735589 0.5513940419746411 0.19205855323786053
18.56952237304437 0.5565183099729426 0.19927558411532414
18.59026454379701 0.5523172983983738 0.19832437822127813
18.589541499078546 0.5533577720718046 0.19896571878944108
18.579570942543995 0.554800617148387 0.19343903588674505
18.608967385449706 0.5514829979546803 0.19241073802486017
18.592191885107127 0.5540079594309932 0.1949820979356028
18.565462097329316 0.5555092584251863 0.1966478780990697
18.572199253642495 0.5539581587013553 0.19485519394173292
18.58424693990263 0.5524211918623044 0.19816223862299706
18.60435773061802 0.5529450681834595 0.19201527859435602
18.59223533294458 0.5524777067651243 0.1937080301298797
18.586798717942084 0.5522727873512282 0.19726756029019996
18.601482625317182 0.5528669366537141 0.19523629218960925
18.562888521816465 0.5564083282102297 0.19879053466919908
18.603972076070534 0.553098053301893 0.19258074107650308
18.583489047685244 0.5556040292916318 0.19886385014369892
18.593369530150376 0.5534351291391982 0.19722020472212148
18.590914062179717 0.5548092945296754 0.19895944108112332
18.609871264847477 0.5523050102067231 0.19205172840725113
18.597643588062443 0.551919722226261 0.19340274183484701
18.585920426817246 0.5553200885966941 0.1942349239112858
18.595238129753493 0.5521434002541691 0.19358740814037093
18.56151009547534 0.5557341233345704 0.19777140075473515
18.572037977154732 0.5522023346703262 0.198730908560818
18.571673706972224 0.5543115119763925 0.19498423519624875
18.60341795331519 0.5530599132498832 0.19306467226116727
18.568823657882557 0.5535517600398882 0.19637147155264767
18.574855448939733 0.5518975648847417 0.1998933345623352
18.579821233950383 0.5558824114005093 0.19869924642426007
18.602246472910757 0.5519807931504075 0.19443497911244303
18.586375180589993 0.5555256185884833 0.19605640033689942
18.561864493824928 0.5563269556129191 0.1988466179933895
18.55574759564708 0.5545414383218941 0.1993159417158056
18.602079362069073 0.5521378241288539 0.19466457677062235
18.57693603969702 0.5518764348383386 0.19803099135538557
18.60798466535662 0.5522686875929812 0.19232375253345663
18.58455957231339 0.5525914360446644 0.19824900533003817
18.59308060470551 0.5537594479720401 0.19496484403650324
18.568912409306854 0.5524551847719317 0.19932522800947983
18.565572570477922 0.5530865655982841 0.19847457928940604
18.602458821709053 0.5529198145175818 0.19241472866112116
18.60608945065227 0.5524930950307793 0.19209270195637854
18.58159819391595 0.5528732008139244 0.19342344847034457
18.600241666696117 0.5521258997705247 0.19480685789238245
18.566251494501618 0.5545882951537185 0.1964059400936159
18.60624079444001 0.5522864017536075 0.19186662253101103
18.599770622594935 0.552520016251883 0.19551969685366755
18.58655654753472 0.55357736063824 0.19178931853564618
18.575201731440373 0.5547442395768489 0.19453716469344848
18.580304478948396 0.5557947138908803 0.1984630500962308
18.58819351764509 0.5532520211469839 0.1948224940769465
18.58023732586278 0.555688343615278 0.19946861609210242
18.60093903949621 0.5521299507435992 0.19356656087025642
18.578517883882643 0.5530133191868031 0.19431443923692787
18.56750077410259 0.5564187118264893 0.19958083099858623
18.59777041942814 0.552212741458683 0.19482980396422495
18.556258553785074 0.5558066637945073 0.19928153473986152
18.599446067486713 0.5528518053362967 0.1935115710730606
18.598866738234495 0.5527362850912477 0.1933620871686735
18.59428456005461 0.5531655399365383 0.19579956480442803
18.59767961032707 0.5525430503705918 0.19504101480025474
18.579976645710644 0.5530428578360818 0.1940019458213093
18.572643114344874 0.5559734008644827 0.1976941039685593
18.57253164343881 0.5560426802911923 0.19807010844623232
18.57234211369645 0.5555931203818675 0.19645366381654034
18.56540327712253 0.5545945248707439 0.19692923266526824
18.567897107775046 0.5557875414761143 0.19739585740527218
18.58141759793569 0.5555282928352364 0.19600397598288377
18.585882720096468 0.5553637487664882 0.19571016347111733
18.59235324842378 0.5528437131530441 0.19641033866778584
18.589426878480563 0.5527566064882522 0.1961565469216938
18.574146596349653 0.5543260075385706 0.19487372546830717
18.57024257825071 0.5561800700298888 0.19883914757914828
18.588012608040398 0.5530539881616545 0.1973920117703737
18.590158176108403 0.5528892622717496 0.1967374763244262
18.58751494540007 0.5552986084718654 0.1963953365566069
18.589944759558364 0.5545847950410318 0.1993096111904159
18.591585889007188 0.5527932006003669 0.19585242152910318
18.591493904044867 0.5548796720378784 0.19724625620043543
18.57825276908136 0.5518904409250049 0.19905587471652675
18.571043759390765 0.5530041223076819 0.19715925138084472
18.559275966341453 0.5561994520452337 0.19956977547067603
18.588982150818737 0.5532667573803867 0.19641001636209665
18.576880221283915 0.5551952561538852 0.19529267137113696
18.583928785129896 0.5551393154942738 0.19972144757249552
18.56480161389976 0.5543245042456746 0.19740563366301594
18.56864365309739 0.5554327905416236 0.1968893613115575
18.58727929068462 0.5548763002036702 0.19373550998320477
18.588055437201792 0.555012314305591 0.1981634217036949
18.569241124904895 0.5553942187799599 0.1967841402470506
18.587613129021925 0.5545529688069828 0.1929647325524726
18.584037504795276 0.555419382225854 0.19733916093001835
18.581078506624635 0.5551355405314718 0.19493999607600798
18.56758195741841 0.5539860256182568 0.19697551994488272
18.574243543709496 0.5527283335213445 0.19684045267314396
18.566209020146214 0.5534307511424957 0.19822197313318785
18.583736035032658 0.5553892333940863 0.19783267677191416
18.58055308753618 0.5528392415939176 0.19447626262921527
18.579276950910064 0.5547270467866998 0.19443142379570463
18.583521763881297 0.5550000387830524 0.19450438296973235
18.56680170156409 0.5545768855102222 0.19694162599199289
18.57333439020341 0.5547331159391813 0.19551641788693336
18.593031978890508 0.554400310072736 0.1980803559956586
18.58170040356674 0.5541291443525865 0.19358358476269805
18.581551546401858 0.5548732297420149 0.1944891282652584
18.574277030953333 0.5558164021086224 0.19827087126609677
18.582655683318112 0.5549098708949356 0.19460785360533506
18.576208325178296 0.5547540337773473 0.19520402808228376
18.583619902741386 0.5541740012372032 0.1934103424897888
18.58042129656869 0.555483160346965 0.1972103343874624
18.579172764405357 0.5525165422963707 0.1958926170479463
18.571163359566405 0.5531958199805196 0.19728702612131152
18.574496217703565 0.5556964915943486 0.19778198192760785
18.572046352143094 0.5550199690223134 0.19633297395059873
18.592578036333776 0.554512184712996 0.19320552575608113
18.575766462959145 0.5538370519419729 0.19519549179680698
18.586202461834926 0.5549532869333668 0.1948667622003298
18.56096038123768 0.554861559426385 0.1987209804576532
18.576333561306495 0.5556418175608945 0.19795301807001134
18.570006755116964 0.5545481144023766 0.19654480963140672
18.575780333355514 0.5541741663384014 0.19520727722149797
18.58125900505705 0.5550951532064604 0.19559980260858836
18.571750897217196 0.5558797879230912 0.19984210958484458
18.567385868060484 0.5552088189447789 0.19753930199343273
18.56026152718027 0.5553863195644168 0.19912073291200272
18.57907461487582 0.5547807802621143 0.19513853866984682
18.58322974588547 0.5551527460204364 0.19841371305619895
18.590908402280434 0.5542214921912618 0.1987776547608812
18.579013313883394 0.5544540927045416 0.19483941965528076
18.57023985671413 0.5528038678414813 0.19953606912138444
18.582352885118986 0.5551796231253923 0.19862933008586506
18.569069885630828 0.554086865664079 0.19713656647228853
18.569255354932476 0.5551922227646138 0.1973961612174462
18.590368196706677 0.5539442216195753 0.19255045429837497
18.582950592791445 0.5549602670631525 0.19556909358643781
18.567781904404246 0.5543921805850702 0.19746937051772062
18.577079029668973 0.5539307331747879 0.19530419640566074
18.576843341634557 0.5523722466667513 0.19978806019980133
18.576597677513906 0.5540898566434888 0.19543195240433758
18.558546855969542 0.5554354136727817 0.19995093918357135
18.5716609547504 0.5547620502695267 0.19674761505018235
18.579604509756663 0.5523186220368169 0.19748197138088494
18.588351079413595 0.5547689191363049 0.19551461258512892
18.570838268820232 0.5528464675893119 0.19977273453317546
18.57634974706193 0.5532748897763636 0.19611590481788044
18.573340390120883 0.5543980397756337 0.19634042293957585
18.588431395132407 0.5546947977667666 0.19719776452526533
18.571165752409613 0.555230330128727 0.1976322678839649
18.58219080600619 0.5529082795095566 0.19496372476445906
18.57537415007696 0.5525592500750859 0.19945642090851126
18.577685171920013 0.5526696102130362 0.19712589307776376
18.565004145953036 0.5535804265542162 0.19979330923139293
18.56777510070454 0.5545255616045236 0.19779442649501405
18.58304569282721 0.5547872603307284 0.19564777936574407
18.576009605393118 0.5549655697710565 0.1966996963871554
18.57009814113576 0.5536839772015448 0.1978441708478758
18.577990359371658 0.5524603674230715 0.19892796118088726
18.58406285448895 0.5547630982546743 0.19864185042479
18.56831628424899 0.5552852737139125 0.19840717565228697
18.560201780789505 0.5546693747316124 0.1999327403576178
18.582972648553685 0.5537273457947287 0.194393709069623
18.57685460186692 0.5541828372761072 0.19582347427169264
18.578559612113427 0.5539500493002917 0.19545781158799302
18.56964728091698 0.5544454533771727 0.19756209288408977
18.570667598463757 0.5532778819999221 0.19860275477815972
18.581002216324478 0.554762024137897 0.19989612795411812
18.59048724201891 0.5544755127634688 0.1958554736618587
18.583444372093123 0.552814057287308 0.19513434251386358
18.58410005052723 0.5543780441490775 0.1996193583989392
18.582564698631852 0.5534054465546965 0.19490008940173276
18.56705488720868 0.5548074970064918 0.1986003525836606
18.581488761086675 0.5532847574381533 0.19537160406525378
18.577676750244454 0.5546564241428733 0.1967020462285931
18.591611258006825 0.5542253562662001 0.1951972365097474
18.58101955348264 0.5533827141907258 0.19555473154167335
18.572439830478608 0.5531033565299175 0.1998386555958965
18.567871979258385 0.553799634419546 0.19922514337693517
18.567871979258385 0.553799634419546 0.19922514337693517
18.5731861635863 0.555098685229204 0.1984526552932199
18.57947838211074 0.5527109094242553 0.19962171014801308
18.585725224328435 0.5537753306127529 0.19971107951769573
18.581154642875738 0.553299724449953 0.1957817710024225
18.588073842980954 0.5536219886222392 0.19911041045940114
18.58201849836155 0.5545000162705586 0.19911064891680003
18.569056248241075 0.5547149675418106 0.1986804706124146
18.58342814971596 0.5545521403635212 0.19685147813342266
18.57506017666898 0.5536840643356342 0.19737065562828293
18.57308764770356 0.5545827597898153 0.1978324102654301
18.585091816597085 0.5537742728624402 0.19496245178981084
18.587411515011706 0.5535103110120241 0.19444782387792053
18.581567505185003 0.5539387905321167 0.19588280777947226
18.569982165146165 0.5539556335979655 0.19889840352014396
18.570026161688656 0.553815519197042 0.19913009447898272
18.579389329142565 0.5529983961100714 0.19753223733393918
18.574897049285102 0.5539172862845777 0.19748194785182546
18.5862624415577 0.5542370624925934 0.1973779288333916
18.57126803209976 0.5546676611376204 0.19871451888788472
18.575437343604115 0.5547654903817105 0.1988300263030425
18.57448147163474 0.5533102313386657 0.19994282275005013
18.575778342378516 0.5544284108432459 0.19767301257615494
18.579025993226683 0.5531323125037587 0.19763713281418663
18.570581099838638 0.5537202625035887 0.1996941363538364
18.581644056774707 0.5528903870602514 0.19777501541945486
18.57172159905868 0.5547599409516282 0.19941653248169933
18.573866091476415 0.5537747108520538 0.1984154102732539
18.574014129353554 0.5536330866008156 0.19868762771953782
18.585177402436486 0.5533202028298356 0.19898216688587664
18.583852917708793 0.5536551325358536 0.1991288878229056
18.583054744124492 0.5529396053634362 0.1972851721714465
18.5758517835185 0.5545458388642431 0.19870636959253737
18.583929106058687 0.5538272944942735 0.19604173661895355
18.57921234456267 0.5540029452978029 0.19985111213221152
18.574580375464244 0.5544755821089661 0.1998603358352222
18.578359068003806 0.5539538080124904 0.19999870509873635
18.584277011852066 0.5537127459343852 0.19861551273311392
18.574341591936673 0.553986907902503 0.19850611661307452
18.570109962986034 0.5542697301576057 0.19986296060984082
18.578048694535752 0.5536401994791181 0.19996425032967755
18.581539818742055 0.5536278712549636 0.1967634988674944
18.577766682654914 0.5542853491511717 0.19906826134977387
18.576135224670228 0.55429553434298 0.19852115916890828
18.583671372495992 0.5534635357188953 0.19847542979894728
18.57829405539887 0.5536628509807594 0.19827959818097174
18.58330940177831 0.5537694914130209 0.1974996040677836
18.586676413921623 0.553508973581494 0.1970858177143191
18.583913305257326 0.5533794367334867 0.19734908081047217
